211 0 0
134 0 0
215 0 0
130 0 0
221 0 0
339 0 0
138 0 0
341 0 0

110 0 1
114 1 1
117 0 1
123 0 1
124 1 1
130 0 0
131 1 0
132 0 0
134 0 0
138 0 0
142 1 0
144 1 0
146 1 0
207 0 0
209 1 1
211 0 0
215 0 0
216 1 0
219 1 1
221 0 0
222 0 0
226 0 0
228 0 1
233 1 0
235 1 0
237 1 0
243 0 0
245 0 0
248 1 0
249 1 0
304 1 0
307 0 1
309 0 0
315 1 0
317 1 1
319 0 0
320 1 1
323 0 0
327 0 0
330 1 0
332 1 0
339 0 0
341 0 0
348 1 0
401 0 0
404 1 0
412 1 0
414 0 1
424 1 0
427 1 0
434 0 1
443 1 0
446 1 0
447 1 0
503 1 0
504 1 0
507 1 0
508 1 0
509 1 0
510 1 1
520 1 1
524 1 0
525 1 1
527 1 1
528 1 1
529 1 1
534 1 1
536 1 0
537 1 1
539 1 0
544 1 0
545 1 0
602 1 1
603 1 0
605 1 1
610 1 1
612 1 0
614 1 0
618 1 0
621 1 0
622 1 0
625 1 0
626 1 1
629 1 0
630 1 0
640 1 1
642 1 0
647 1 0
648 1 0
649 1 0
