350 0 0
244 0 0
240 0 0
410 0 0
336 0 0
211 0 0
134 0 0
215 0 0

102 1 1
104 1 0
120 0 0
126 1 0
131 1 0
132 0 0
134 0 0
147 1 0
205 0 0
206 1 1
210 0 0
211 0 0
212 0 0
215 0 0
218 1 1
227 1 1
228 0 1
231 1 0
234 0 1
238 0 0
240 0 0
244 0 0
247 1 0
302 1 1
306 1 1
307 0 1
308 1 1
310 1 1
315 1 0
318 0 0
322 0 1
326 1 0
329 0 1
330 1 0
335 0 0
336 0 0
337 1 0
343 0 0
347 0 0
350 0 0
401 0 0
410 0 0
411 1 0
414 0 1
415 1 1
418 1 0
422 1 1
424 1 0
426 1 0
431 0 1
433 1 1
436 1 0
437 1 0
439 1 0
442 1 0
444 1 0
448 1 0
450 1 0
504 1 0
506 1 1
507 1 0
508 1 0
510 1 1
512 1 0
514 1 1
515 1 0
520 1 1
521 1 0
523 1 0
526 1 0
530 1 1
531 1 0
532 1 0
533 1 0
539 1 0
548 1 0
550 1 0
601 1 0
608 1 1
611 1 1
616 1 0
619 1 1
620 1 0
626 1 1
631 1 1
635 1 0
636 1 1
641 1 0
648 1 0
649 1 0
