242 0 0
406 0 0
150 0 0
129 0 0
312 0 0
220 0 0
127 0 0
239 0 0

101 1 0
106 1 1
107 0 0
109 1 1
110 0 1
111 0 1
123 0 1
127 0 0
128 0 1
129 0 0
131 1 0
135 0 0
142 1 0
143 1 0
144 1 0
150 0 0
203 0 0
216 1 0
217 1 0
220 0 0
224 0 0
226 0 0
238 0 0
239 0 0
242 0 0
245 0 0
246 1 0
248 1 0
301 0 0
308 1 1
311 1 0
312 0 0
315 1 0
318 0 0
319 0 0
323 0 0
331 0 1
332 1 0
335 0 0
340 0 0
342 1 0
346 1 0
348 1 0
402 1 1
403 0 0
406 0 0
407 1 0
408 1 0
409 1 1
411 1 0
415 1 1
417 1 0
419 0 0
424 1 0
428 1 1
432 1 0
433 1 1
435 1 1
436 1 0
440 1 0
443 1 0
445 1 0
502 1 1
505 1 1
508 1 0
513 1 1
515 1 0
517 1 0
519 1 0
521 1 0
522 1 0
527 1 1
528 1 1
533 1 0
534 1 1
542 1 0
544 1 0
549 1 0
603 1 0
609 1 1
610 1 1
611 1 1
612 1 0
617 1 0
619 1 1
623 1 0
633 1 0
641 1 0
643 1 0
648 1 0
