322 0 0
250 0 0
141 0 0
319 0 0
404 0 0
335 0 0
327 0 0
320 0 0

103 0 1
104 0 0
108 1 0
114 1 1
117 0 0
118 1 0
119 0 1
124 1 0
127 0 0
128 1 1
129 1 1
130 0 1
134 0 0
135 0 1
139 0 1
141 0 0
145 1 0
147 0 0
150 1 0
207 1 0
208 1 0
209 1 0
210 0 1
211 1 0
215 1 0
219 0 1
224 1 1
234 1 1
240 1 0
243 1 0
246 1 0
247 0 0
250 0 0
302 0 0
303 0 1
305 1 0
314 1 1
316 1 0
319 0 0
320 0 0
321 1 0
322 0 0
326 1 0
327 0 0
331 0 1
332 1 1
335 0 0
336 1 1
338 1 1
404 0 0
412 1 0
413 0 1
416 1 1
417 0 1
422 1 1
423 0 0
424 0 1
425 0 1
426 1 0
435 1 0
436 1 0
437 1 0
446 1 0
502 1 0
503 1 0
507 1 0
508 1 0
515 1 0
518 1 1
520 1 0
528 1 0
537 1 0
541 1 0
542 1 0
549 1 0
602 1 1
603 1 0
605 1 1
609 1 0
610 1 1
614 1 1
616 1 1
617 1 0
624 1 0
626 1 0
627 1 0
636 1 0
638 1 0
649 1 0
650 1 0
