113 0 0
408 0 0
125 0 0
248 0 0
225 0 0
322 0 0
250 0 0
141 0 0

103 0 1
104 0 0
110 1 0
113 0 0
125 0 0
131 1 1
141 0 0
145 1 0
201 0 1
203 1 0
204 1 0
205 0 0
210 0 1
216 1 0
218 1 1
219 0 1
224 1 1
225 0 0
229 0 1
232 1 0
240 1 0
242 0 0
243 1 0
245 0 0
248 0 0
249 1 0
250 0 0
302 0 0
304 1 1
312 1 0
313 0 1
321 1 0
322 0 0
323 0 0
330 0 0
337 1 0
340 1 0
348 1 0
349 1 0
403 1 1
408 0 0
410 1 0
413 0 1
415 0 0
417 0 1
421 1 0
422 1 1
423 0 0
436 1 0
438 1 0
439 1 0
442 1 0
443 1 0
447 1 0
448 1 0
506 1 0
510 1 0
513 1 0
515 1 0
516 1 0
520 1 0
522 1 1
523 1 0
524 1 0
526 1 0
529 1 1
534 1 0
535 1 1
536 1 1
538 1 0
540 1 0
545 1 0
547 1 0
601 1 0
609 1 0
611 1 1
612 1 0
615 1 1
616 1 1
619 1 1
623 1 1
626 1 0
629 1 0
630 1 0
631 1 0
632 1 0
635 1 0
640 1 0
647 1 0
649 1 0
