101 1 1 1 1 1 1 1 1 1 1 1 1 1 1 1 1 1 1 1 1
103 1 1 1 1 1 1 1 1 1 1 1 1 1 1 1 1 1 1 1 1
107 1 1 1 1 1 1 1 1 1 1 1 1 1 1 1 1 1 1 1 1
110 1 1 1 1 1 1 1 1 1 1 1 1 1 1 1 1 1 1 1 1
114 1 1 1 1 1 1 1 1 1 1 1 1 1 1 1 1 1 1 1 1
116 1 1 1 1 1 1 1 1 1 1 1 1 1 1 1 1 1 1 1 1
120 1 1 1 1 1 1 1 1 1 1 1 1 1 1 1 1 1 1 1 1
124 1 1 1 1 1 1 1 1 1 1 1 1 1 1 1 1 1 1 1 1
126 1 1 1 1 1 1 1 1 1 1 1 1 1 1 1 1 1 1 1 1
132 1 1 1 1 1 1 1 1 1 1 1 1 1 1 1 1 1 1 1 1
135 1 1 1 1 1 1 1 1 1 1 1 1 1 1 1 1 1 1 1 1
140 0 0 0 1 0 0 0 0 0 0 0 0 1 1 1 0 0 0 0 0
143 1 1 1 1 1 1 1 1 1 1 1 1 1 1 1 1 1 1 1 1
144 1 1 1 1 1 1 1 1 1 1 1 1 1 1 1 1 1 1 1 1
148 1 1 1 1 1 1 1 1 1 1 1 1 1 1 1 1 1 1 1 1
202 0 1 0 0 0 0 0 0 1 1 0 0 0 0 1 0 0 0 0 0
203 1 1 1 1 1 1 1 1 1 1 1 1 1 1 1 1 1 1 1 1
206 1 1 1 1 1 1 0 1 1 1 1 1 1 1 1 1 1 1 1 1
207 1 1 1 1 1 1 1 1 1 1 1 1 1 1 1 1 1 1 1 1
208 1 1 1 1 1 1 1 1 1 1 1 1 1 1 1 1 1 1 1 1
214 1 1 1 1 1 1 1 1 1 1 1 1 1 1 1 1 1 1 1 1
216 1 1 1 1 1 1 1 1 1 1 1 1 1 1 1 1 1 1 1 1
217 1 1 1 1 1 1 1 1 1 1 1 1 1 1 1 1 1 1 1 1
221 0 0 1 0 1 0 0 0 0 0 0 1 0 0 0 1 0 0 0 0
226 1 1 1 1 1 1 1 1 1 1 1 1 1 1 1 1 1 1 1 1
229 1 1 1 1 1 1 1 1 1 1 1 1 1 1 1 1 1 1 1 1
236 1 1 1 1 1 1 1 1 1 1 1 1 1 1 1 1 1 1 1 1
239 0 0 0 0 0 0 0 1 1 0 0 0 0 0 0 1 1 0 0 0
240 1 1 1 1 1 1 1 1 1 1 1 1 1 1 1 1 1 1 1 1
245 1 1 1 1 1 1 1 1 1 1 0 1 1 1 1 1 1 1 1 1
247 1 1 1 1 1 1 1 1 1 1 1 1 1 1 1 1 1 1 1 1
303 1 1 1 1 1 1 1 1 1 1 1 1 1 1 1 1 1 1 1 1
305 1 1 1 1 1 1 1 1 1 1 1 1 1 1 1 1 1 1 1 1
306 1 1 1 1 1 1 1 1 1 1 1 1 1 1 1 1 1 1 1 1
309 1 1 1 1 1 1 1 1 1 1 1 1 1 1 1 1 1 1 1 1
314 1 1 1 1 1 1 1 1 1 1 1 1 1 1 1 1 1 1 1 1
318 0 0 0 1 0 1 0 0 1 0 0 0 0 0 0 1 0 0 0 0
320 0 0 0 0 0 0 0 0 0 1 0 1 1 0 0 0 0 1 0 0
321 1 1 1 1 1 1 1 1 1 1 1 1 1 1 1 1 1 1 1 1
323 1 1 1 1 1 1 1 1 1 1 1 1 1 1 1 1 1 1 1 1
327 0 0 1 0 0 0 0 0 0 1 0 0 0 0 0 0 0 1 0 1
332 1 1 1 1 1 1 1 1 1 1 1 1 1 1 1 1 1 1 1 1
334 1 1 1 1 1 1 1 1 1 1 1 1 1 1 1 1 1 1 1 1
335 0 0 0 0 0 0 0 0 0 0 0 0 1 0 0 0 0 1 1 1
336 1 1 1 1 1 1 1 1 1 1 1 1 1 1 1 1 1 1 1 1
337 1 1 1 1 1 1 1 1 1 1 1 1 1 1 1 1 1 1 1 1
340 1 1 1 1 1 1 1 1 1 1 1 1 1 1 1 1 1 1 1 1
347 1 1 1 1 1 1 1 1 1 1 1 1 1 1 1 1 1 1 1 1
411 1 1 1 1 1 1 1 1 1 1 1 1 1 1 1 1 1 1 1 1
413 1 1 1 1 1 1 1 1 1 1 1 1 1 1 1 1 1 1 1 1
418 1 1 1 1 1 1 1 1 1 1 1 1 1 1 1 1 1 1 1 1
420 1 1 1 1 1 1 1 1 1 1 1 1 1 1 1 1 1 1 1 1
423 1 1 1 0 1 1 1 1 1 1 1 1 1 1 1 1 1 1 1 1
425 1 1 1 1 1 1 1 1 1 1 1 1 1 1 1 1 1 1 1 1
427 1 1 1 1 1 1 1 1 1 1 1 1 1 1 1 1 1 1 1 1
428 1 1 1 1 1 1 1 1 1 1 1 1 1 1 1 1 1 1 1 1
431 1 1 1 1 1 1 1 1 1 1 1 1 1 1 1 1 1 1 1 1
435 1 1 1 1 1 1 1 1 1 1 1 1 1 1 1 1 1 1 1 1
436 1 1 1 1 1 1 1 1 1 1 1 1 1 1 1 1 1 1 1 1
437 1 1 1 1 1 1 1 1 1 1 1 1 1 1 1 1 1 1 1 1
439 1 1 1 1 1 1 1 1 1 1 1 1 1 1 1 1 1 1 1 1
442 1 1 1 1 1 1 1 1 1 1 1 1 1 1 1 1 1 1 1 1
447 1 1 1 1 1 1 1 1 1 1 1 1 1 1 1 1 1 1 1 1
501 1 1 1 1 1 1 1 1 1 1 1 1 1 1 1 1 1 1 1 1
502 1 1 1 1 1 1 1 1 1 1 1 1 1 1 1 1 1 1 1 1
511 1 1 1 1 1 1 1 1 1 1 1 1 1 1 1 1 1 1 1 1
518 1 1 1 1 1 1 1 1 1 1 1 1 1 1 1 1 1 1 1 1
520 1 1 1 1 1 1 1 1 1 1 1 1 1 1 1 1 1 1 1 1
528 1 1 1 1 1 1 1 1 1 1 1 1 1 1 1 1 1 1 1 1
536 1 1 1 1 1 1 1 1 1 1 1 1 1 1 1 1 1 1 1 1
537 1 1 1 1 1 1 1 1 1 1 1 1 1 1 1 1 1 1 1 1
538 1 1 1 1 1 1 1 1 1 1 1 1 1 1 1 1 1 1 1 1
546 1 1 1 1 1 1 1 1 1 1 1 1 1 1 1 1 1 1 1 1
547 1 1 1 1 1 1 1 1 1 1 1 1 1 1 1 1 1 1 1 1
606 1 1 1 1 1 1 1 1 1 1 1 1 1 1 1 1 1 1 1 1
612 1 1 1 1 1 1 1 1 1 1 1 1 1 1 1 1 1 1 1 1
615 1 1 1 1 1 1 1 1 1 1 1 1 1 1 1 1 1 1 1 1
616 1 1 1 1 1 1 1 1 1 1 1 1 1 1 1 1 1 1 1 1
618 1 1 1 1 1 1 1 1 1 1 1 1 1 1 1 1 1 1 1 1
620 1 1 1 1 1 1 1 1 1 1 1 1 1 1 1 1 1 1 1 1
621 1 1 1 1 1 1 1 1 1 1 1 1 1 1 1 1 1 1 1 1
624 1 1 1 1 1 1 1 1 1 1 1 1 1 1 1 1 1 1 1 1
630 1 1 1 1 1 1 1 1 1 1 1 1 1 1 1 1 1 1 1 1
636 1 1 1 1 1 1 1 1 1 1 1 1 1 1 1 1 1 1 1 1
640 1 1 1 1 1 1 1 1 1 1 1 1 1 1 1 1 1 1 1 1
642 1 1 1 1 1 1 1 1 1 1 1 1 1 1 1 1 1 1 1 1
643 1 1 1 1 1 1 1 1 1 1 1 1 1 1 1 1 1 1 1 1
644 1 1 1 1 1 1 1 1 1 1 1 1 1 1 1 1 1 1 1 1
645 1 1 1 1 1 1 1 1 1 1 1 1 1 1 1 1 1 1 1 1
647 1 1 1 1 1 1 1 1 1 1 1 1 1 1 1 1 1 1 1 1
