103 1 1 1 1 1 1 1 1 1 1 1 1 1 1 1 1 1 1 1 1
104 1 1 1 1 1 1 1 1 1 1 1 1 1 1 1 1 1 1 1 1
108 1 1 1 1 1 1 1 1 1 1 1 1 1 1 1 1 1 1 1 1
114 1 1 1 1 1 1 1 1 1 1 1 1 1 1 1 1 1 1 1 1
117 1 1 1 1 1 1 1 1 1 1 1 1 1 0 1 1 1 1 1 1
118 1 1 1 1 1 1 1 1 1 1 1 1 1 1 1 1 1 1 1 1
119 1 1 1 1 1 1 1 1 1 1 1 1 1 1 1 1 1 1 1 1
124 1 1 1 1 1 1 1 1 1 1 1 1 1 1 1 1 1 1 1 1
127 1 1 1 1 1 0 1 1 1 1 1 1 1 1 1 1 1 1 1 1
128 1 1 1 1 1 1 1 1 1 1 1 1 1 1 1 1 1 1 1 1
129 1 1 1 1 1 1 1 1 1 1 1 1 1 1 1 1 1 1 1 1
130 1 1 1 1 1 1 1 1 1 1 1 1 1 1 1 1 1 1 1 1
134 1 1 1 1 1 1 1 1 1 1 1 1 1 1 1 1 1 1 0 1
135 1 1 1 1 1 1 1 1 1 1 1 1 1 1 1 1 1 1 1 1
139 1 1 1 1 1 1 1 1 1 1 1 1 1 1 1 1 1 1 1 1
141 0 0 1 0 0 0 0 0 0 0 1 0 0 0 0 0 1 0 0 1
145 1 1 1 1 1 1 1 1 1 1 1 1 1 1 1 1 1 1 1 1
147 1 0 1 1 1 1 1 1 1 1 1 1 1 1 1 1 1 1 1 1
150 1 1 1 1 1 1 1 1 1 1 1 1 1 1 1 1 1 1 1 1
207 1 1 1 1 1 1 1 1 1 1 1 1 1 1 1 1 1 1 1 1
208 1 1 1 1 1 1 1 1 1 1 1 1 1 1 1 1 1 1 1 1
209 1 1 1 1 1 1 1 1 1 1 1 1 1 1 1 1 1 1 1 1
210 1 1 1 1 1 1 1 1 1 1 1 1 1 1 1 1 1 1 1 1
211 1 1 1 1 1 1 1 1 1 1 1 1 1 1 1 1 1 1 1 1
215 1 1 1 1 1 1 1 1 1 1 1 1 1 1 1 1 1 1 1 1
219 1 1 1 1 1 1 1 1 1 1 1 1 1 1 1 1 1 1 1 1
224 1 1 1 1 1 1 1 1 1 1 1 1 1 1 1 1 1 1 1 1
234 1 1 1 1 1 1 1 1 1 1 1 1 1 1 1 1 1 1 1 1
240 1 1 1 1 1 1 1 1 1 1 1 1 1 1 1 1 1 1 1 1
243 1 1 1 1 1 1 1 1 1 1 1 1 1 1 1 1 1 1 1 1
246 1 1 1 1 1 1 1 1 1 1 1 1 1 1 1 1 1 1 1 1
247 1 1 1 1 1 1 1 1 1 1 1 1 1 1 1 1 1 1 1 1
250 0 0 0 0 1 1 0 0 0 0 0 1 1 0 0 0 0 0 0 0
302 1 1 0 1 1 1 1 1 1 1 1 1 1 1 1 1 1 1 1 1
303 1 1 1 1 1 1 1 1 1 1 1 1 1 1 1 1 1 1 1 1
305 1 1 1 1 1 1 1 1 1 1 1 1 1 1 1 1 1 1 1 1
314 1 1 1 1 1 1 1 1 1 1 1 1 1 1 1 1 1 1 1 1
316 1 1 1 1 1 1 1 1 1 1 1 1 1 1 1 1 1 1 1 1
319 0 0 1 0 0 1 0 0 0 0 0 0 1 0 1 0 0 0 0 0
320 0 0 0 0 0 0 1 0 0 0 0 0 1 0 1 1 0 0 0 0
321 1 1 1 1 1 1 1 1 1 1 1 1 1 1 1 1 1 1 1 1
322 0 1 1 0 0 1 0 0 0 0 0 0 0 0 0 0 0 0 0 1
326 1 1 1 1 1 1 1 1 1 1 1 1 1 1 1 1 1 1 1 1
327 0 0 0 0 0 1 1 0 0 1 0 0 0 0 0 0 0 0 0 1
331 1 1 1 1 1 1 1 1 1 1 1 1 1 1 1 1 1 1 1 1
332 1 1 1 1 1 1 1 1 1 1 1 1 1 1 1 1 1 1 1 1
335 0 0 0 0 0 0 1 0 1 0 1 0 0 0 0 1 0 0 0 0
336 1 1 1 1 1 1 1 1 1 1 1 1 1 1 1 1 1 1 1 1
338 1 1 1 1 1 1 1 1 1 1 1 1 1 1 1 1 1 1 1 1
404 0 1 0 1 0 1 0 0 0 1 0 0 0 0 0 0 0 0 0 0
412 1 1 1 1 1 1 1 1 1 1 1 1 1 1 1 1 1 1 1 1
413 1 1 1 1 1 1 1 1 1 1 1 1 1 1 1 1 1 1 1 1
416 1 1 1 1 1 1 1 1 1 1 1 1 1 1 1 1 1 1 1 1
417 1 1 1 1 1 1 1 1 1 1 1 1 1 1 1 1 1 1 1 1
422 1 1 1 1 1 1 1 1 1 1 1 1 1 1 1 1 1 1 1 1
423 1 1 1 1 1 1 1 1 1 1 1 1 1 1 1 1 1 1 0 1
424 1 1 1 1 1 1 1 1 1 1 1 1 1 1 1 1 1 1 1 1
425 1 1 1 1 1 1 1 1 1 1 1 1 1 1 1 1 1 1 1 1
426 1 1 1 1 1 1 1 1 1 1 1 1 1 1 1 1 1 1 1 1
435 1 1 1 1 1 1 1 1 1 1 1 1 1 1 1 1 1 1 1 1
436 1 1 1 1 1 1 1 1 1 1 1 1 1 1 1 1 1 1 1 1
437 1 1 1 1 1 1 1 1 1 1 1 1 1 1 1 1 1 1 1 1
446 1 1 1 1 1 1 1 1 1 1 1 1 1 1 1 1 1 1 1 1
502 1 1 1 1 1 1 1 1 1 1 1 1 1 1 1 1 1 1 1 1
503 1 1 1 1 1 1 1 1 1 1 1 1 1 1 1 1 1 1 1 1
507 1 1 1 1 1 1 1 1 1 1 1 1 1 1 1 1 1 1 1 1
508 1 1 1 1 1 1 1 1 1 1 1 1 1 1 1 1 1 1 1 1
515 1 1 1 1 1 1 1 1 1 1 1 1 1 1 1 1 1 1 1 1
518 1 1 1 1 1 1 1 1 1 1 1 1 1 1 1 1 1 1 1 1
520 1 1 1 1 1 1 1 1 1 1 1 1 1 1 1 1 1 1 1 1
528 1 1 1 1 1 1 1 1 1 1 1 1 1 1 1 1 1 1 1 1
537 1 1 1 1 1 1 1 1 1 1 1 1 1 1 1 1 1 1 1 1
541 1 1 1 1 1 1 1 1 1 1 1 1 1 1 1 1 1 1 1 1
542 1 1 1 1 1 1 1 1 1 1 1 1 1 1 1 1 1 1 1 1
549 1 1 1 1 1 1 1 1 1 1 1 1 1 1 1 1 1 1 1 1
602 1 1 1 1 1 1 1 1 1 1 1 1 1 1 1 1 1 1 1 1
603 1 1 1 1 1 1 1 1 1 1 1 1 1 1 1 1 1 1 1 1
605 1 1 1 1 1 1 1 1 1 1 1 1 1 1 1 1 1 1 1 1
609 1 1 1 1 1 1 1 1 1 1 1 1 1 1 1 1 1 1 1 1
610 1 1 1 1 1 1 1 1 1 1 1 1 1 1 1 1 1 1 1 1
614 1 1 1 1 1 1 1 1 1 1 1 1 1 1 1 1 1 1 1 1
616 1 1 1 1 1 1 1 1 1 1 1 1 1 1 1 1 1 1 1 1
617 1 1 1 1 1 1 1 1 1 1 1 1 1 1 1 1 1 1 1 1
624 1 1 1 1 1 1 1 1 1 1 1 1 1 1 1 1 1 1 1 1
626 1 1 1 1 1 1 1 1 1 1 1 1 1 1 1 1 1 1 1 1
627 1 1 1 1 1 1 1 1 1 1 1 1 1 1 1 1 1 1 1 1
636 1 1 1 1 1 1 1 1 1 1 1 1 1 1 1 1 1 1 1 1
638 1 1 1 1 1 1 1 1 1 1 1 1 1 1 1 1 1 1 1 1
649 1 1 1 1 1 1 1 1 1 1 1 1 1 1 1 1 1 1 1 1
650 1 1 1 1 1 1 1 1 1 1 1 1 1 1 1 1 1 1 1 1
