101 1 1 1 1 1 1 1 1 1 1 1 1 1 1 1 1 1 1 1 1
106 1 1 1 1 1 1 1 1 1 1 1 1 1 1 1 1 1 1 1 1
107 1 1 1 1 1 1 1 1 1 1 1 1 1 1 1 1 1 1 1 1
109 1 1 1 1 1 1 1 1 1 1 1 1 1 1 1 1 1 1 1 1
110 1 1 1 1 1 1 1 1 1 1 1 1 1 1 1 1 1 1 1 1
111 1 1 1 1 1 1 1 1 1 1 1 1 1 1 1 1 1 1 1 1
123 1 1 1 1 1 1 1 1 1 1 1 1 1 1 1 1 1 1 1 1
127 0 1 0 0 0 0 1 0 0 1 0 0 0 0 1 0 0 0 0 0
128 1 1 1 1 1 1 1 1 1 1 1 1 1 1 1 1 1 1 1 1
129 0 0 0 0 0 0 0 0 1 0 0 1 0 0 1 0 0 0 1 0
131 1 1 1 1 1 1 1 1 1 1 1 1 1 1 1 1 1 1 1 1
135 1 1 0 1 1 1 1 1 1 1 1 1 1 1 1 1 1 1 1 1
142 1 1 1 1 1 1 1 1 1 1 1 1 1 1 1 1 1 1 1 1
143 1 1 1 1 1 1 1 1 1 1 1 1 1 1 1 1 1 1 1 1
144 1 1 1 1 1 1 1 1 1 1 1 1 1 1 1 1 1 1 1 1
150 1 0 0 0 0 0 0 0 0 1 1 1 0 0 0 0 0 0 0 0
203 1 1 1 1 1 1 1 1 1 1 1 1 1 1 1 1 1 1 1 1
216 1 1 1 1 1 1 1 1 1 1 1 1 1 1 1 1 1 1 1 1
217 1 1 1 1 1 1 1 1 1 1 1 1 1 1 1 1 1 1 1 1
220 0 0 1 0 0 1 0 0 0 0 0 1 1 0 0 0 0 0 0 0
224 1 1 1 1 1 1 1 1 1 1 1 1 1 1 1 1 1 1 1 1
226 1 1 1 1 1 1 1 1 1 1 1 1 1 1 1 1 1 1 1 1
238 1 1 1 1 1 1 1 1 0 1 1 1 1 1 1 1 1 1 1 1
239 0 0 0 0 0 1 0 0 0 0 0 0 0 0 1 0 0 1 0 1
242 0 0 0 1 0 0 0 0 0 0 1 0 0 0 0 0 0 1 0 1
245 1 1 1 1 1 1 1 1 1 1 1 1 1 1 1 1 1 0 1 1
246 1 1 1 1 1 1 1 1 1 1 1 1 1 1 1 1 1 1 1 1
248 1 1 1 1 1 1 1 1 1 1 1 1 1 1 1 1 1 1 1 1
301 1 1 1 1 1 1 1 1 1 1 1 1 1 1 1 1 1 1 0 1
308 1 1 1 1 1 1 1 1 1 1 1 1 1 1 1 1 1 1 1 1
311 1 1 1 1 1 1 1 1 1 1 1 1 1 1 1 1 1 1 1 1
312 0 0 0 1 0 0 1 1 0 0 0 0 0 0 0 1 0 0 0 0
315 1 1 1 1 1 1 1 1 1 1 1 1 1 1 1 1 1 1 1 1
318 1 1 1 1 1 0 1 1 1 1 1 1 1 1 1 1 1 1 1 1
319 1 1 1 1 1 1 1 1 1 1 1 1 1 1 1 1 1 0 1 1
323 1 1 1 1 1 1 1 1 1 0 1 1 1 1 1 1 1 1 1 1
331 1 1 1 1 1 1 1 1 1 1 1 1 1 1 1 1 1 1 1 1
332 1 1 1 1 1 1 1 1 1 1 1 1 1 1 1 1 1 1 1 1
335 1 1 1 1 1 1 1 1 1 1 1 1 1 1 1 1 1 1 1 1
340 1 1 1 1 1 1 1 1 1 1 1 1 1 1 1 1 1 1 1 1
342 1 1 1 1 1 1 1 1 1 1 1 1 1 1 1 1 1 1 1 1
346 1 1 1 1 1 1 1 1 1 1 1 1 1 1 1 1 1 1 1 1
348 1 1 1 1 1 1 1 1 1 1 1 1 1 1 1 1 1 1 1 1
402 1 1 1 1 1 1 1 1 1 1 1 1 1 1 1 1 1 1 1 1
403 1 1 1 1 1 1 1 1 1 1 1 1 1 1 1 1 1 1 1 1
406 0 0 0 0 0 0 0 0 1 0 0 1 0 0 1 0 0 1 0 0
407 1 1 1 1 1 1 1 1 1 1 1 1 1 1 1 1 1 1 1 1
408 1 1 1 1 1 1 1 1 1 1 1 1 1 1 1 1 1 1 1 1
409 1 1 1 1 1 1 1 1 1 1 1 1 1 1 1 1 1 1 1 1
411 1 1 1 1 1 1 1 1 1 1 1 1 1 1 1 1 1 1 1 1
415 1 1 1 1 1 1 1 1 1 1 1 1 1 1 1 1 1 1 1 1
417 1 1 1 1 1 1 1 1 1 1 1 1 1 1 1 1 1 1 1 1
419 1 1 1 1 1 1 1 1 0 1 1 1 1 1 1 1 1 1 1 1
424 1 1 1 1 1 1 1 1 1 1 1 1 1 1 1 1 1 1 1 1
428 1 1 1 1 1 1 1 1 1 1 1 1 1 1 1 1 1 1 1 1
432 1 1 1 1 1 1 1 1 1 1 1 1 1 1 1 1 1 1 1 1
433 1 1 1 1 1 1 1 1 1 1 1 1 1 1 1 1 1 1 1 1
435 1 1 1 1 1 1 1 1 1 1 1 1 1 1 1 1 1 1 1 1
436 1 1 1 1 1 1 1 1 1 1 1 1 1 1 1 1 1 1 1 1
440 1 1 1 1 1 1 1 1 1 1 1 1 1 1 1 1 1 1 1 1
443 1 1 1 1 1 1 1 1 1 1 1 1 1 1 1 1 1 1 1 1
445 1 1 1 1 1 1 1 1 1 1 1 1 1 1 1 1 1 1 1 1
502 1 1 1 1 1 1 1 1 1 1 1 1 1 1 1 1 1 1 1 1
505 1 1 1 1 1 1 1 1 1 1 1 1 1 1 1 1 1 1 1 1
508 1 1 1 1 1 1 1 1 1 1 1 1 1 1 1 1 1 1 1 1
513 1 1 1 1 1 1 1 1 1 1 1 1 1 1 1 1 1 1 1 1
515 1 1 1 1 1 1 1 1 1 1 1 1 1 1 1 1 1 1 1 1
517 1 1 1 1 1 1 1 1 1 1 1 1 1 1 1 1 1 1 1 1
519 1 1 1 1 1 1 1 1 1 1 1 1 1 1 1 1 1 1 1 1
521 1 1 1 1 1 1 1 1 1 1 1 1 1 1 1 1 1 1 1 1
522 1 1 1 1 1 1 1 1 1 1 1 1 1 1 1 1 1 1 1 1
527 1 1 1 1 1 1 1 1 1 1 1 1 1 1 1 1 1 1 1 1
528 1 1 1 1 1 1 1 1 1 1 1 1 1 1 1 1 1 1 1 1
533 1 1 1 1 1 1 1 1 1 1 1 1 1 1 1 1 1 1 1 1
534 1 1 1 1 1 1 1 1 1 1 1 1 1 1 1 1 1 1 1 1
542 1 1 1 1 1 1 1 1 1 1 1 1 1 1 1 1 1 1 1 1
544 1 1 1 1 1 1 1 1 1 1 1 1 1 1 1 1 1 1 1 1
549 1 1 1 1 1 1 1 1 1 1 1 1 1 1 1 1 1 1 1 1
603 1 1 1 1 1 1 1 1 1 1 1 1 1 1 1 1 1 1 1 1
609 1 1 1 1 1 1 1 1 1 1 1 1 1 1 1 1 1 1 1 1
610 1 1 1 1 1 1 1 1 1 1 1 1 1 1 1 1 1 1 1 1
611 1 1 1 1 1 1 1 1 1 1 1 1 1 1 1 1 1 1 1 1
612 1 1 1 1 1 1 1 1 1 1 1 1 1 1 1 1 1 1 1 1
617 1 1 1 1 1 1 1 1 1 1 1 1 1 1 1 1 1 1 1 1
619 1 1 1 1 1 1 1 1 1 1 1 1 1 1 1 1 1 1 1 1
623 1 1 1 1 1 1 1 1 1 1 1 1 1 1 1 1 1 1 1 1
633 1 1 1 1 1 1 1 1 1 1 1 1 1 1 1 1 1 1 1 1
641 1 1 1 1 1 1 1 1 1 1 1 1 1 1 1 1 1 1 1 1
643 1 1 1 1 1 1 1 1 1 1 1 1 1 1 1 1 1 1 1 1
648 1 1 1 1 1 1 1 1 1 1 1 1 1 1 1 1 1 1 1 1
