141 0 0
309 0 0
312 0 0
347 0 0
244 0 0
226 0 0
341 0 0
221 0 0

103 1 0
104 1 0
109 1 1
116 0 1
118 1 0
125 0 1
126 1 0
128 0 1
131 1 0
135 0 0
141 0 0
145 1 0
204 1 1
210 0 0
212 0 0
214 1 1
217 1 0
221 0 0
222 0 0
226 0 0
229 1 1
230 0 1
237 1 0
241 1 0
244 0 0
246 1 0
303 1 1
304 1 0
305 1 1
307 0 1
308 1 1
309 0 0
310 1 1
312 0 0
314 0 0
315 1 0
321 0 1
327 0 0
335 0 0
337 1 0
339 0 0
340 0 0
341 0 0
345 1 0
346 1 0
347 0 0
407 1 0
409 1 1
411 1 0
412 1 0
414 0 1
415 1 1
416 1 1
418 1 0
421 0 1
422 1 1
423 1 0
424 1 0
432 1 0
435 1 1
436 1 0
440 1 0
443 1 0
444 1 0
445 1 0
446 1 0
502 1 1
511 1 1
513 1 1
515 1 0
525 1 1
528 1 1
529 1 1
530 1 1
534 1 1
543 1 0
544 1 0
550 1 0
602 1 1
605 1 1
606 1 0
608 1 1
621 1 0
623 1 0
624 1 0
626 1 1
629 1 0
630 1 0
635 1 0
640 1 1
