119 0 0
410 0 0
107 0 0
325 0 0
401 0 0
240 0 0
344 0 0
250 0 0

103 1 0
106 1 1
107 0 0
113 1 0
114 1 1
119 0 0
122 0 0
123 0 1
124 1 1
129 0 0
131 1 0
138 0 0
143 1 0
147 1 0
201 0 1
202 0 1
214 1 1
218 1 1
222 0 0
228 0 1
230 0 1
236 1 0
238 0 0
240 0 0
246 1 0
248 1 0
249 1 0
250 0 0
303 1 1
305 1 1
310 1 1
322 0 1
325 0 0
329 0 1
330 1 0
337 1 0
344 0 0
348 1 0
401 0 0
407 1 0
410 0 0
413 0 0
416 1 1
420 0 1
421 0 1
422 1 1
428 1 1
431 0 1
432 1 0
434 0 1
436 1 0
440 1 0
445 1 0
447 1 0
450 1 0
507 1 0
516 1 0
519 1 0
520 1 1
524 1 0
525 1 1
526 1 0
529 1 1
530 1 1
532 1 0
534 1 1
535 1 0
540 1 0
542 1 0
543 1 0
547 1 0
548 1 0
549 1 0
550 1 0
601 1 0
602 1 1
604 1 1
607 1 0
608 1 1
613 1 1
614 1 0
617 1 0
620 1 0
623 1 0
627 1 0
632 1 0
637 1 0
643 1 0
646 1 0
647 1 0
