139 0 0
336 0 0
316 0 0
301 0 0
313 0 0
438 0 0
403 0 0
137 0 0

101 1 0
104 1 0
113 1 0
116 0 1
120 0 0
123 0 1
131 1 0
137 0 0
139 0 0
146 1 0
147 1 0
150 0 0
202 0 1
208 1 1
211 0 0
212 0 0
219 1 1
223 0 1
233 1 0
234 0 1
236 1 0
238 0 0
243 0 0
247 1 0
248 1 0
301 0 0
302 1 1
308 1 1
310 1 1
313 0 0
314 0 0
316 0 0
320 1 1
321 0 1
328 1 1
329 0 1
335 0 0
336 0 0
337 1 0
345 1 0
348 1 0
403 0 0
411 1 0
417 1 0
422 1 1
423 1 0
424 1 0
433 1 1
434 0 1
437 1 0
438 0 0
439 1 0
440 1 0
441 1 1
444 1 0
445 1 0
446 1 0
447 1 0
512 1 0
514 1 1
516 1 0
520 1 1
522 1 0
524 1 0
525 1 1
530 1 1
532 1 0
540 1 0
543 1 0
545 1 0
546 1 0
547 1 0
549 1 0
550 1 0
609 1 1
610 1 1
612 1 0
616 1 0
625 1 0
627 1 0
628 1 0
630 1 0
633 1 0
634 1 0
635 1 0
645 1 0
646 1 0
647 1 0
649 1 0
650 1 0
