240 0 0
344 0 0
250 0 0
419 0 0
215 0 0
350 0 0
334 0 0
220 0 0

106 1 1
108 1 1
109 1 1
111 0 1
113 1 0
125 0 1
131 1 0
133 0 0
136 0 0
143 1 0
146 1 0
150 0 0
201 0 1
202 0 1
204 1 1
206 1 1
207 0 0
208 1 1
214 1 1
215 0 0
216 1 0
220 0 0
222 0 0
227 1 1
228 0 1
229 1 1
230 0 1
231 1 0
232 0 0
233 1 0
237 1 0
240 0 0
241 1 0
245 0 0
248 1 0
249 1 0
250 0 0
306 1 1
314 0 0
315 1 0
317 1 1
319 0 0
324 1 1
334 0 0
337 1 0
344 0 0
346 1 0
350 0 0
402 1 1
411 1 0
412 1 0
413 0 0
419 0 0
428 1 1
429 0 0
430 0 0
435 1 1
436 1 0
446 1 0
447 1 0
503 1 0
508 1 0
513 1 1
514 1 1
518 1 0
522 1 0
525 1 1
526 1 0
533 1 0
537 1 1
538 1 0
539 1 0
542 1 0
545 1 0
547 1 0
602 1 1
605 1 1
606 1 0
609 1 1
612 1 0
613 1 1
614 1 0
631 1 1
632 1 0
634 1 0
638 1 1
639 1 0
640 1 1
643 1 0
644 1 0
