350 0 0
334 0 0
220 0 0
406 0 0
224 0 0
139 0 0
336 0 0
316 0 0

102 1 1
104 1 0
108 1 1
110 0 1
117 0 1
118 1 0
122 0 0
124 1 1
125 0 1
129 0 0
131 1 0
133 0 0
136 0 0
139 0 0
145 1 0
150 0 0
201 0 1
202 0 1
204 1 1
207 0 0
209 1 1
211 0 0
219 1 1
220 0 0
223 0 1
224 0 0
228 0 1
230 0 1
231 1 0
233 1 0
242 0 0
245 0 0
316 0 0
319 0 0
320 1 1
324 1 1
327 0 0
328 1 1
331 0 1
332 1 0
333 1 0
334 0 0
336 0 0
337 1 0
339 0 0
345 1 0
350 0 0
404 1 0
406 0 0
412 1 0
414 0 1
421 0 1
425 1 0
427 1 0
431 0 1
433 1 1
434 0 1
436 1 0
443 1 0
501 1 0
507 1 0
514 1 1
516 1 0
517 1 0
518 1 0
520 1 1
521 1 0
524 1 0
527 1 1
531 1 0
535 1 0
540 1 0
543 1 0
544 1 0
601 1 0
603 1 0
604 1 1
606 1 0
607 1 0
608 1 1
609 1 1
610 1 1
615 1 1
619 1 1
620 1 0
625 1 0
629 1 0
636 1 1
639 1 0
650 1 0
