101 1 1 1 1 1 1 1 1 1 1 1 1 1 1 1 1 1 1 1 1
104 1 1 1 1 1 1 1 1 1 1 1 1 1 1 1 1 1 1 1 1
113 1 1 1 1 1 1 1 1 1 1 1 1 1 1 1 1 1 1 1 1
116 1 1 1 1 1 1 1 1 1 1 1 1 1 1 1 1 1 1 1 1
120 1 1 1 1 1 1 1 1 1 1 1 1 1 1 1 1 1 1 1 1
123 1 1 1 1 1 1 1 1 1 1 1 1 1 1 1 1 1 1 1 1
131 1 1 1 1 1 1 1 1 1 1 1 1 1 1 1 1 1 1 1 1
137 0 0 1 0 0 0 1 0 0 0 1 0 0 0 0 0 1 0 0 0
139 0 1 0 0 0 1 1 0 1 0 0 0 0 0 0 0 0 0 0 0
146 1 1 1 1 1 1 1 1 1 1 1 1 1 1 1 1 1 1 1 1
147 1 1 1 1 1 1 1 1 1 1 1 1 1 1 1 1 1 1 1 1
150 1 1 1 1 1 1 1 1 1 1 1 1 1 1 1 1 1 1 1 1
202 1 1 1 1 1 1 1 1 1 1 1 1 1 1 1 1 1 1 1 1
208 1 1 1 1 1 1 1 1 1 1 1 1 1 1 1 1 1 1 1 1
211 1 1 1 1 1 1 1 1 1 1 1 1 1 1 1 1 1 1 1 1
212 1 1 1 1 1 1 1 1 1 1 1 1 1 1 1 1 1 1 1 1
219 1 1 1 1 1 1 1 1 1 1 1 1 1 1 1 1 1 1 1 1
223 1 1 1 1 1 1 1 1 1 1 1 1 1 1 1 1 1 1 1 1
233 1 1 1 1 1 1 1 1 1 1 1 1 1 1 1 1 1 1 1 1
234 1 1 1 1 1 1 1 1 1 1 1 1 1 1 1 1 1 1 1 1
236 1 1 1 1 1 1 1 1 1 1 1 1 1 1 1 1 1 1 1 1
238 1 1 1 0 1 1 1 1 1 1 1 1 1 1 1 1 1 1 1 1
243 1 1 1 1 1 1 1 1 1 0 1 1 1 1 1 1 1 1 1 1
247 1 1 1 1 1 1 1 1 1 1 1 1 1 1 1 1 1 1 1 1
248 1 1 1 1 1 1 1 1 1 1 1 1 1 1 1 1 1 1 1 1
301 1 0 0 0 0 1 0 0 0 1 0 1 0 0 0 0 0 0 0 0
302 1 1 1 1 1 1 1 1 1 1 1 1 1 1 1 1 1 1 1 1
308 1 1 1 1 1 1 1 1 1 1 1 1 1 1 1 1 1 1 1 1
310 1 1 1 1 1 1 1 1 1 1 1 1 1 1 1 1 1 1 1 1
313 0 1 0 0 0 1 0 0 0 0 1 0 0 0 0 0 1 0 0 0
314 1 1 1 1 1 1 1 1 1 1 1 1 1 1 1 1 1 1 1 1
316 0 0 0 1 0 1 0 0 0 0 0 1 0 0 0 0 0 0 1 0
320 1 1 1 1 1 1 1 1 1 1 1 1 1 1 1 1 1 1 1 1
321 1 1 1 1 1 1 1 1 1 1 1 1 1 1 1 1 1 1 1 1
328 1 1 1 1 1 1 1 1 1 1 1 1 1 1 1 1 1 1 1 1
329 1 1 1 1 1 1 1 1 1 1 1 1 1 1 1 1 1 1 1 1
335 1 1 1 1 1 1 1 1 1 1 1 1 1 1 1 1 1 1 1 1
336 0 0 0 0 0 0 0 1 0 0 1 0 0 0 0 0 0 1 1 0
337 1 1 1 1 1 1 1 1 1 1 1 1 1 1 1 1 1 1 1 1
345 1 1 1 1 1 1 1 1 1 1 1 1 1 1 1 1 1 1 1 1
348 1 1 1 1 1 1 1 1 1 1 1 1 1 1 1 1 1 1 1 1
403 1 0 0 1 0 0 0 0 0 0 0 1 0 1 0 0 0 0 0 0
411 1 1 1 1 1 1 1 1 1 1 1 1 1 1 1 1 1 1 1 1
417 1 1 1 1 1 1 1 1 1 1 1 1 1 1 1 1 1 1 1 1
422 1 1 1 1 1 1 1 1 1 1 1 1 1 1 1 1 1 1 1 1
423 1 1 1 1 1 1 1 1 1 1 1 1 1 1 1 1 1 1 1 1
424 1 1 1 1 1 1 1 1 1 1 1 1 1 1 1 1 1 1 1 1
433 1 1 1 1 1 1 1 1 1 1 1 1 1 1 1 1 1 1 1 1
434 1 1 1 1 1 1 1 1 1 1 1 1 1 1 1 1 1 1 1 1
437 1 1 1 1 1 1 1 1 1 1 1 1 1 1 1 1 1 1 1 1
438 0 1 0 0 0 0 0 0 0 0 0 0 0 0 0 1 1 0 1 0
439 1 1 1 1 1 1 1 1 1 1 1 1 1 1 1 1 1 1 1 1
440 1 1 1 1 1 1 1 1 1 1 1 1 1 1 1 1 1 1 1 1
441 1 1 1 1 1 1 1 1 1 1 1 1 1 1 1 1 1 1 1 1
444 1 1 1 1 1 1 1 1 1 1 1 1 1 1 1 1 1 1 1 1
445 1 1 1 1 1 1 1 1 1 1 1 1 1 1 1 1 1 1 1 1
446 1 1 1 1 1 1 1 1 1 1 1 1 1 1 1 1 1 1 1 1
447 1 1 1 1 1 1 1 1 1 1 1 1 1 1 1 1 1 1 1 1
512 1 1 1 1 1 1 1 1 1 1 1 1 1 1 1 1 1 1 1 1
514 1 1 1 1 1 1 1 1 1 1 1 1 1 1 1 1 1 1 1 1
516 1 1 1 1 1 1 1 1 1 1 1 1 1 1 1 1 1 1 1 1
520 1 1 1 1 1 1 1 1 1 1 1 1 1 1 1 1 1 1 1 1
522 1 1 1 1 1 1 1 1 1 1 1 1 1 1 1 1 1 1 1 1
524 1 1 1 1 1 1 1 1 1 1 1 1 1 1 1 1 1 1 1 1
525 1 1 1 1 1 1 1 1 1 1 1 1 1 1 1 1 1 1 1 1
530 1 1 1 1 1 1 1 1 1 1 1 1 1 1 1 1 1 1 1 1
532 1 1 1 1 1 1 1 1 1 1 1 1 1 1 1 1 1 1 1 1
540 1 1 1 1 1 1 1 1 1 1 1 1 1 1 1 1 1 1 1 1
543 1 1 1 1 1 1 1 1 1 1 1 1 1 1 1 1 1 1 1 1
545 1 1 1 1 1 1 1 1 1 1 1 1 1 1 1 1 1 1 1 1
546 1 1 1 1 1 1 1 1 1 1 1 1 1 1 1 1 1 1 1 1
547 1 1 1 1 1 1 1 1 1 1 1 1 1 1 1 1 1 1 1 1
549 1 1 1 1 1 1 1 1 1 1 1 1 1 1 1 1 1 1 1 1
550 1 1 1 1 1 1 1 1 1 1 1 1 1 1 1 1 1 1 1 1
609 1 1 1 1 1 1 1 1 1 1 1 1 1 1 1 1 1 1 1 1
610 1 1 1 1 1 1 1 1 1 1 1 1 1 1 1 1 1 1 1 1
612 1 1 1 1 1 1 1 1 1 1 1 1 1 1 1 1 1 1 1 1
616 1 1 1 1 1 1 1 1 1 1 1 1 1 1 1 1 1 1 1 1
625 1 1 1 1 1 1 1 1 1 1 1 1 1 1 1 1 1 1 1 1
627 1 1 1 1 1 1 1 1 1 1 1 1 1 1 1 1 1 1 1 1
628 1 1 1 1 1 1 1 1 1 1 1 1 1 1 1 1 1 1 1 1
630 1 1 1 1 1 1 1 1 1 1 1 1 1 1 1 1 1 1 1 1
633 1 1 1 1 1 1 1 1 1 1 1 1 1 1 1 1 1 1 1 1
634 1 1 1 1 1 1 1 1 1 1 1 1 1 1 1 1 1 1 1 1
635 1 1 1 1 1 1 1 1 1 1 1 1 1 1 1 1 1 1 1 1
645 1 1 1 1 1 1 1 1 1 1 1 1 1 1 1 1 1 1 1 1
646 1 1 1 1 1 1 1 1 1 1 1 1 1 1 1 1 1 1 1 1
647 1 1 1 1 1 1 1 1 1 1 1 1 1 1 1 1 1 1 1 1
649 1 1 1 1 1 1 1 1 1 1 1 1 1 1 1 1 1 1 1 1
650 1 1 1 1 1 1 1 1 1 1 1 1 1 1 1 1 1 1 1 1
