102 1 1 1 1 1 1 1 1 1 1 1 1 1 1 1 1 1 1 1 1
104 1 1 1 1 1 1 1 1 1 1 1 1 1 1 1 1 1 1 1 1
108 1 1 1 1 1 1 1 1 1 1 1 1 1 1 1 1 1 1 1 1
110 1 1 1 1 1 1 1 1 1 1 1 1 1 1 1 1 1 1 1 1
117 1 1 1 1 1 1 1 1 1 1 1 1 1 1 1 1 1 1 1 1
118 1 1 1 1 1 1 1 1 1 1 1 1 1 1 1 1 1 1 1 1
122 0 1 1 1 1 1 1 1 1 1 1 1 1 1 1 1 1 1 1 1
124 1 1 1 1 1 1 1 1 1 1 1 1 1 1 1 1 1 1 1 1
125 1 1 1 1 1 1 1 1 1 1 1 1 1 1 1 1 1 1 1 1
129 1 1 1 1 1 1 1 1 1 1 1 1 1 1 1 1 1 1 1 1
131 1 1 1 1 1 1 1 1 1 1 1 1 1 1 1 1 1 1 1 1
133 1 1 1 1 1 1 1 0 1 1 1 1 1 1 1 1 1 1 1 1
136 1 1 1 1 1 1 1 1 1 1 1 1 1 0 1 1 1 1 1 1
139 0 0 0 1 0 0 0 1 0 1 0 0 0 0 1 0 0 0 0 0
145 1 1 1 1 1 1 1 1 1 1 1 1 1 1 1 1 1 1 1 1
150 1 1 1 1 1 1 1 1 1 1 1 1 1 1 1 1 1 1 1 1
201 1 1 1 1 1 1 1 1 1 1 1 1 1 1 1 1 1 1 1 1
202 1 1 1 1 1 1 1 1 1 1 1 1 1 1 1 1 1 1 1 1
204 1 1 1 1 1 1 1 1 1 1 1 1 1 1 1 1 1 1 1 1
207 1 1 1 1 1 1 1 0 1 1 1 1 1 1 1 1 1 1 1 1
209 1 1 1 1 1 1 1 1 1 1 1 1 1 1 1 1 1 1 1 1
211 1 1 1 1 0 1 1 1 1 1 1 1 1 1 1 1 1 1 1 1
219 1 1 1 1 1 1 1 1 1 1 1 1 1 1 1 1 1 1 1 1
220 1 0 0 1 0 0 0 0 0 0 0 0 0 0 0 1 0 0 1 0
223 1 1 1 1 1 1 1 1 1 1 1 1 1 1 1 1 1 1 1 1
224 0 1 0 0 1 0 0 0 0 0 1 0 0 0 0 1 0 0 0 0
228 1 1 1 1 1 1 1 1 1 1 1 1 1 1 1 1 1 1 1 1
230 1 1 1 1 1 1 1 1 1 1 1 1 1 1 1 1 1 1 1 1
231 1 1 1 1 1 1 1 1 1 1 1 1 1 1 1 1 1 1 1 1
233 1 1 1 1 1 1 1 1 1 1 1 1 1 1 1 1 1 1 1 1
242 1 1 1 1 1 1 1 1 1 1 1 1 1 1 1 1 1 1 0 1
245 1 1 1 1 1 1 1 1 1 1 0 1 1 1 1 1 1 1 1 1
316 0 0 0 0 0 1 0 0 0 0 0 1 1 0 0 1 0 0 0 0
319 1 1 1 1 0 1 1 1 1 1 1 1 1 1 1 1 1 1 1 1
320 1 1 1 1 1 1 1 1 1 1 1 1 1 1 1 1 1 1 1 1
324 1 1 1 1 1 1 1 1 1 1 1 1 1 1 1 1 1 1 1 1
327 1 1 1 1 1 1 1 1 1 1 1 1 1 1 1 1 1 1 1 1
328 1 1 1 1 1 1 1 1 1 1 1 1 1 1 1 1 1 1 1 1
331 1 1 1 1 1 1 1 1 1 1 1 1 1 1 1 1 1 1 1 1
332 1 1 1 1 1 1 1 1 1 1 1 1 1 1 1 1 1 1 1 1
333 1 1 1 1 1 1 1 1 1 1 1 1 1 1 1 1 1 1 1 1
334 0 0 1 0 0 1 0 0 0 0 0 0 0 1 0 1 0 0 0 0
336 0 1 0 0 1 0 0 0 0 0 1 0 1 0 0 0 0 0 0 0
337 1 1 1 1 1 1 1 1 1 1 1 1 1 1 1 1 1 1 1 1
339 1 1 0 1 1 1 1 1 1 1 1 1 1 1 1 1 1 1 1 1
345 1 1 1 1 1 1 1 1 1 1 1 1 1 1 1 1 1 1 1 1
350 0 0 0 0 1 0 0 0 1 1 0 0 0 0 0 0 0 0 0 1
404 1 1 1 1 1 1 1 1 1 1 1 1 1 1 1 1 1 1 1 1
406 0 0 0 0 1 1 0 0 0 1 0 0 0 0 0 0 0 1 0 0
412 1 1 1 1 1 1 1 1 1 1 1 1 1 1 1 1 1 1 1 1
414 1 1 1 1 1 1 1 1 1 1 1 1 1 1 1 1 1 1 1 1
421 1 1 1 1 1 1 1 1 1 1 1 1 1 1 1 1 1 1 1 1
425 1 1 1 1 1 1 1 1 1 1 1 1 1 1 1 1 1 1 1 1
427 1 1 1 1 1 1 1 1 1 1 1 1 1 1 1 1 1 1 1 1
431 1 1 1 1 1 1 1 1 1 1 1 1 1 1 1 1 1 1 1 1
433 1 1 1 1 1 1 1 1 1 1 1 1 1 1 1 1 1 1 1 1
434 1 1 1 1 1 1 1 1 1 1 1 1 1 1 1 1 1 1 1 1
436 1 1 1 1 1 1 1 1 1 1 1 1 1 1 1 1 1 1 1 1
443 1 1 1 1 1 1 1 1 1 1 1 1 1 1 1 1 1 1 1 1
501 1 1 1 1 1 1 1 1 1 1 1 1 1 1 1 1 1 1 1 1
507 1 1 1 1 1 1 1 1 1 1 1 1 1 1 1 1 1 1 1 1
514 1 1 1 1 1 1 1 1 1 1 1 1 1 1 1 1 1 1 1 1
516 1 1 1 1 1 1 1 1 1 1 1 1 1 1 1 1 1 1 1 1
517 1 1 1 1 1 1 1 1 1 1 1 1 1 1 1 1 1 1 1 1
518 1 1 1 1 1 1 1 1 1 1 1 1 1 1 1 1 1 1 1 1
520 1 1 1 1 1 1 1 1 1 1 1 1 1 1 1 1 1 1 1 1
521 1 1 1 1 1 1 1 1 1 1 1 1 1 1 1 1 1 1 1 1
524 1 1 1 1 1 1 1 1 1 1 1 1 1 1 1 1 1 1 1 1
527 1 1 1 1 1 1 1 1 1 1 1 1 1 1 1 1 1 1 1 1
531 1 1 1 1 1 1 1 1 1 1 1 1 1 1 1 1 1 1 1 1
535 1 1 1 1 1 1 1 1 1 1 1 1 1 1 1 1 1 1 1 1
540 1 1 1 1 1 1 1 1 1 1 1 1 1 1 1 1 1 1 1 1
543 1 1 1 1 1 1 1 1 1 1 1 1 1 1 1 1 1 1 1 1
544 1 1 1 1 1 1 1 1 1 1 1 1 1 1 1 1 1 1 1 1
601 1 1 1 1 1 1 1 1 1 1 1 1 1 1 1 1 1 1 1 1
603 1 1 1 1 1 1 1 1 1 1 1 1 1 1 1 1 1 1 1 1
604 1 1 1 1 1 1 1 1 1 1 1 1 1 1 1 1 1 1 1 1
606 1 1 1 1 1 1 1 1 1 1 1 1 1 1 1 1 1 1 1 1
607 1 1 1 1 1 1 1 1 1 1 1 1 1 1 1 1 1 1 1 1
608 1 1 1 1 1 1 1 1 1 1 1 1 1 1 1 1 1 1 1 1
609 1 1 1 1 1 1 1 1 1 1 1 1 1 1 1 1 1 1 1 1
610 1 1 1 1 1 1 1 1 1 1 1 1 1 1 1 1 1 1 1 1
615 1 1 1 1 1 1 1 1 1 1 1 1 1 1 1 1 1 1 1 1
619 1 1 1 1 1 1 1 1 1 1 1 1 1 1 1 1 1 1 1 1
620 1 1 1 1 1 1 1 1 1 1 1 1 1 1 1 1 1 1 1 1
625 1 1 1 1 1 1 1 1 1 1 1 1 1 1 1 1 1 1 1 1
629 1 1 1 1 1 1 1 1 1 1 1 1 1 1 1 1 1 1 1 1
636 1 1 1 1 1 1 1 1 1 1 1 1 1 1 1 1 1 1 1 1
639 1 1 1 1 1 1 1 1 1 1 1 1 1 1 1 1 1 1 1 1
650 1 1 1 1 1 1 1 1 1 1 1 1 1 1 1 1 1 1 1 1
