103 0 1
104 0 0
105 0 1
106 0 1
108 0 1
110 0 1
112 0 1
118 1 1
121 0 0
124 1 0
127 1 0
132 1 0
134 1 0
136 1 0
144 0 0
145 0 0
146 0 0
147 1 0
201 0 0
203 0 1
207 1 0
209 1 0
214 0 0
219 0 1
220 1 0
224 1 1
226 1 1
228 0 1
229 1 0
237 1 0
244 0 0
247 1 0
249 0 0
304 0 1
307 0 0
308 1 0
309 1 0
314 1 1
315 0 1
316 0 1
319 0 1
321 1 1
324 1 1
331 1 0
338 1 0
339 1 0
343 1 0
344 0 0
345 1 0
346 1 0
349 1 0
401 1 1
407 0 1
412 0 0
413 0 0
414 0 0
417 0 1
422 0 0
427 0 1
435 1 0
438 1 0
441 1 0
447 1 0
449 1 0
503 1 1
505 0 1
507 0 1
511 0 1
516 0 0
530 1 0
534 0 0
537 0 0
539 0 0
541 0 0
544 1 0
545 0 0
547 1 0
549 1 0
550 1 0
606 1 1
608 1 1
610 0 0
611 0 0
612 0 0
615 1 0
616 1 1
639 1 0
640 1 0
642 1 0
648 0 0
