102 1 1
107 0 1
116 1 1
117 1 1
118 1 1
121 0 0
125 1 0
130 1 0
136 1 0
137 0 0
139 1 0
147 1 0
149 1 0
202 1 1
203 0 1
205 0 0
206 0 0
209 1 0
213 0 1
221 0 0
226 1 1
227 0 1
228 0 1
229 1 0
232 1 1
235 0 1
237 1 0
242 1 0
247 1 0
303 1 0
304 0 1
306 1 0
308 1 0
310 1 1
313 0 0
317 0 0
319 0 1
323 0 0
325 0 0
327 1 1
328 1 0
335 0 0
338 1 0
342 1 0
343 1 0
345 1 0
349 1 0
407 0 1
414 0 0
416 1 0
417 0 1
419 1 1
421 0 0
432 1 0
433 0 0
437 1 0
440 0 0
448 0 0
503 1 1
507 0 1
508 0 1
515 1 1
521 1 0
527 1 0
530 1 0
531 0 0
532 1 0
534 0 0
538 0 0
540 1 0
544 1 0
546 1 0
547 1 0
550 1 0
601 1 0
602 1 1
604 1 1
609 0 1
612 0 0
618 1 0
621 0 1
626 1 1
628 1 1
629 0 0
630 0 0
636 1 0
641 1 0
644 1 0
645 0 0
650 1 0
