101 0 1
103 0 1
104 0 0
113 1 1
118 1 1
119 1 0
122 0 0
123 0 0
127 1 0
130 1 0
135 1 0
137 0 0
147 1 0
148 1 0
149 1 0
201 0 0
207 1 0
208 1 0
209 1 0
215 0 0
217 0 0
218 1 0
222 1 1
223 0 1
224 1 1
225 0 0
229 1 0
230 1 0
234 1 0
236 0 0
241 1 0
242 1 0
246 0 0
248 1 0
302 0 1
305 0 0
309 1 0
314 1 1
317 0 0
322 1 0
325 0 0
330 0 1
331 1 0
332 1 0
333 1 0
345 1 0
346 1 0
350 1 0
404 1 0
405 0 0
411 0 0
412 0 0
418 0 1
420 0 1
423 0 1
428 0 1
429 0 0
433 0 0
440 0 0
441 1 0
442 0 0
443 0 0
445 0 0
446 1 0
447 1 0
449 1 0
501 0 1
505 0 1
506 1 1
510 0 0
520 1 1
521 1 0
523 0 0
538 0 0
541 0 0
542 1 0
550 1 0
602 1 1
608 1 1
611 0 0
613 1 0
618 1 0
625 1 0
627 0 0
628 1 1
630 0 0
632 1 0
639 1 0
643 1 0
646 1 0
