101 0 1
104 0 0
107 0 1
108 0 1
114 0 0
116 1 1
119 1 0
121 0 0
125 1 0
127 1 0
130 1 0
134 1 0
136 1 0
137 0 0
139 1 0
142 1 0
201 0 0
204 1 1
205 0 0
219 0 1
223 0 1
228 0 1
229 1 0
237 1 0
238 0 0
239 1 0
241 1 0
244 0 0
305 0 0
308 1 0
310 1 1
311 0 0
314 1 1
316 0 1
318 0 1
320 1 0
325 0 0
330 0 1
331 1 0
333 1 0
334 1 1
335 0 0
337 0 0
339 1 0
341 1 0
342 1 0
350 1 0
403 1 0
405 0 0
406 1 0
410 0 1
412 0 0
416 1 0
418 0 1
421 0 0
422 0 0
430 0 0
431 1 0
432 1 0
435 1 0
441 1 0
447 1 0
448 0 0
505 0 1
510 0 0
512 1 1
518 0 0
527 1 0
529 1 0
540 1 0
542 1 0
543 1 0
549 1 0
606 1 1
608 1 1
613 1 0
614 0 1
615 1 0
618 1 0
619 1 0
621 0 1
626 1 1
630 0 0
633 0 0
634 1 0
635 0 0
642 1 0
644 1 0
645 0 0
650 1 0