102 1 1
105 0 1
107 0 1
110 0 1
112 0 1
115 0 0
119 1 0
124 1 0
127 1 0
128 0 0
129 0 0
133 0 0
134 1 0
137 0 0
138 0 0
139 1 0
141 0 0
143 0 0
147 1 0
202 1 1
206 0 0
214 0 0
218 1 0
220 1 0
223 0 1
229 1 0
232 1 1
242 1 0
245 0 0
247 1 0
250 1 0
303 1 0
304 0 1
309 1 0
313 0 0
314 1 1
315 0 1
316 0 1
318 0 1
319 0 1
325 0 0
327 1 1
330 0 1
332 1 0
338 1 0
342 1 0
345 1 0
348 1 0
350 1 0
402 0 1
404 1 0
405 0 0
408 0 1
422 0 0
427 0 1
428 0 1
430 0 0
432 1 0
433 0 0
437 1 0
438 1 0
441 1 0
448 0 0
503 1 1
507 0 1
510 0 0
512 1 1
522 1 0
525 1 0
527 1 0
531 0 0
535 0 0
536 1 0
542 1 0
544 1 0
549 1 0
550 1 0
608 1 1
610 0 0
612 0 0
625 1 0
627 0 0
629 0 0
635 0 0
638 1 0
641 1 0
645 0 0
646 1 0
647 0 0
649 1 0
