101 0 1
102 1 1
103 0 1
104 0 0
105 0 1
106 0 1
107 0 1
108 0 1
109 0 1
110 0 1
111 0 0
112 0 1
113 1 1
114 0 0
115 0 0
116 1 1
117 1 1
118 1 1
119 1 0
120 0 1
121 0 0
122 0 0
123 0 0
124 1 0
125 1 0
126 0 0
127 1 0
128 0 0
129 0 0
130 1 0
131 1 0
132 1 0
133 0 0
134 1 0
135 1 0
136 1 0
137 0 0
138 0 0
139 1 0
140 1 0
141 0 0
142 1 0
143 0 0
144 0 0
145 0 0
146 0 0
147 1 0
148 1 0
149 1 0
150 0 0
201 0 0
202 1 1
203 0 1
204 1 1
205 0 0
206 0 0
207 1 0
208 1 0
209 1 0
210 1 0
211 1 0
212 0 1
213 0 1
214 0 0
215 0 0
216 0 0
217 0 0
218 1 0
219 0 1
220 1 0
221 0 0
222 1 1
223 0 1
224 1 1
225 0 0
226 1 1
227 0 1
228 0 1
229 1 0
230 1 0
231 0 0
232 1 1
233 0 1
234 1 0
235 0 1
236 0 0
237 1 0
238 0 0
239 1 0
240 0 0
241 1 0
242 1 0
243 0 0
244 0 0
245 0 0
246 0 0
247 1 0
248 1 0
249 0 0
250 1 0
301 1 0
302 0 1
303 1 0
304 0 1
305 0 0
306 1 0
307 0 0
308 1 0
309 1 0
310 1 1
311 0 0
312 1 1
313 0 0
314 1 1
315 0 1
316 0 1
317 0 0
318 0 1
319 0 1
320 1 0
321 1 1
322 1 0
323 0 0
324 1 1
325 0 0
326 1 0
327 1 1
328 1 0
329 1 1
330 0 1
331 1 0
332 1 0
333 1 0
334 1 1
335 0 0
336 0 0
337 0 0
338 1 0
339 1 0
340 0 0
341 1 0
342 1 0
343 1 0
344 0 0
345 1 0
346 1 0
347 1 0
348 1 0
349 1 0
350 1 0
401 1 1
402 0 1
403 1 0
404 1 0
405 0 0
406 1 0
407 0 1
408 0 1
409 1 1
410 0 1
411 0 0
412 0 0
413 0 0
414 0 0
415 0 1
416 1 0
417 0 1
418 0 1
419 1 1
420 0 1
421 0 0
422 0 0
423 0 1
424 1 0
425 1 0
426 1 1
427 0 1
428 0 1
429 0 0
430 0 0
431 1 0
432 1 0
433 0 0
434 1 0
435 1 0
436 1 0
437 1 0
438 1 0
439 1 0
440 0 0
441 1 0
442 0 0
443 0 0
444 1 0
445 0 0
446 1 0
447 1 0
448 0 0
449 1 0
450 1 0
501 0 1
502 1 1
503 1 1
504 0 0
505 0 1
506 1 1
507 0 1
508 0 1
509 1 1
510 0 0
511 0 1
512 1 1
513 0 0
514 0 1
515 1 1
516 0 0
517 0 1
518 0 0
519 0 1
520 1 1
521 1 0
522 1 0
523 0 0
524 1 0
525 1 0
526 0 0
527 1 0
528 1 0
529 1 0
530 1 0
531 0 0
532 1 0
533 1 0
534 0 0
535 0 0
536 1 0
537 0 0
538 0 0
539 0 0
540 1 0
541 0 0
542 1 0
543 1 0
544 1 0
545 0 0
546 1 0
547 1 0
548 1 0
549 1 0
550 1 0
601 1 0
602 1 1
603 1 0
604 1 1
605 1 0
606 1 1
607 1 1
608 1 1
609 0 1
610 0 0
611 0 0
612 0 0
613 1 0
614 0 1
615 1 0
616 1 1
617 1 0
618 1 0
619 1 0
620 0 1
621 0 1
622 0 1
623 0 1
624 1 0
625 1 0
626 1 1
627 0 0
628 1 1
629 0 0
630 0 0
631 1 1
632 1 0
633 0 0
634 1 0
635 0 0
636 1 0
637 0 0
638 1 0
639 1 0
640 1 0
641 1 0
642 1 0
643 1 0
644 1 0
645 0 0
646 1 0
647 0 0
648 0 0
649 1 0
650 1 0
