211 0 0
325 0 0
205 0 0
107 0 0
215 0 0
336 0 0
309 0 0
232 0 0

102 1 1
103 1 0
107 0 0
112 1 1
117 0 1
119 0 0
123 0 1
126 1 0
131 1 0
135 0 0
143 1 0
145 1 0
202 0 1
204 1 1
205 0 0
208 1 1
211 0 0
215 0 0
225 1 0
229 1 1
232 0 0
234 0 1
236 1 0
238 0 0
241 1 0
246 1 0
247 1 0
249 1 0
301 0 0
305 1 1
309 0 0
311 1 0
312 0 0
315 1 0
317 1 1
321 0 1
325 0 0
330 1 0
336 0 0
338 0 0
339 0 0
340 0 0
342 1 0
348 1 0
350 0 0
401 0 0
403 0 0
405 0 1
411 1 0
414 0 1
416 1 1
417 1 0
418 1 0
427 1 0
429 0 0
441 1 1
443 1 0
444 1 0
445 1 0
447 1 0
502 1 1
503 1 0
509 1 0
511 1 1
517 1 0
519 1 0
520 1 1
529 1 1
530 1 1
532 1 0
533 1 0
535 1 0
539 1 0
541 1 0
542 1 0
544 1 0
546 1 0
549 1 0
550 1 0
602 1 1
614 1 0
618 1 0
622 1 0
626 1 1
627 1 0
636 1 1
637 1 0
640 1 1
649 1 0
650 1 0
