336 0 0
309 0 0
232 0 0
129 0 0
240 0 0
203 0 0
121 0 0
245 0 0

101 1 0
104 1 0
105 1 0
108 1 1
110 0 1
112 1 1
113 1 0
117 0 1
121 0 0
123 0 1
129 0 0
138 0 0
142 1 0
144 1 0
145 1 0
202 0 1
203 0 0
206 1 1
208 1 1
214 1 1
216 1 0
223 0 1
224 0 0
232 0 0
233 1 0
234 0 1
238 0 0
239 0 0
240 0 0
245 0 0
246 1 0
247 1 0
302 1 1
308 1 1
309 0 0
312 0 0
327 0 0
328 1 1
331 0 1
333 1 0
336 0 0
339 0 0
341 0 0
348 1 0
401 0 0
402 1 1
403 0 0
405 0 1
412 1 0
414 0 1
421 0 1
422 1 1
423 1 0
429 0 0
434 0 1
435 1 1
439 1 0
442 1 0
444 1 0
446 1 0
502 1 1
504 1 0
507 1 0
512 1 0
524 1 0
535 1 0
537 1 1
538 1 0
541 1 0
543 1 0
546 1 0
548 1 0
549 1 0
608 1 1
610 1 1
611 1 1
612 1 0
614 1 0
615 1 1
619 1 1
621 1 0
623 1 0
632 1 0
634 1 0
635 1 0
644 1 0
645 1 0
647 1 0
648 1 0
650 1 0
