203 0 0
121 0 0
245 0 0
141 0 0
133 0 0
318 0 0
334 0 0
347 0 0

101 1 0
102 1 1
103 1 0
109 1 1
117 0 1
121 0 0
124 1 1
126 1 0
131 1 0
133 0 0
138 0 0
139 0 0
141 0 0
142 1 0
203 0 0
209 1 1
219 1 1
223 0 1
227 1 1
230 0 1
233 1 0
234 0 1
235 1 0
237 1 0
243 0 0
245 0 0
248 1 0
302 1 1
303 1 1
306 1 1
310 1 1
311 1 0
314 0 0
315 1 0
318 0 0
320 1 1
324 1 1
326 1 0
330 1 0
334 0 0
337 1 0
339 0 0
343 0 0
347 0 0
402 1 1
405 0 1
409 1 1
414 0 1
415 1 1
417 1 0
420 0 1
424 1 0
425 1 0
428 1 1
432 1 0
434 0 1
436 1 0
439 1 0
440 1 0
443 1 0
446 1 0
447 1 0
449 1 0
450 1 0
501 1 0
502 1 1
506 1 1
508 1 0
512 1 0
522 1 0
528 1 1
531 1 0
532 1 0
534 1 1
536 1 0
546 1 0
608 1 1
610 1 1
612 1 0
621 1 0
622 1 0
626 1 1
627 1 0
629 1 0
634 1 0
636 1 1
639 1 0
640 1 1
642 1 0
647 1 0
