410 0 0
149 0 0
212 0 0
137 0 0
243 0 0
232 0 0
129 0 0
340 0 0

103 1 0
105 1 0
106 1 1
110 0 1
111 0 1
114 1 1
125 0 1
127 0 0
129 0 0
131 1 0
137 0 0
147 1 0
149 0 0
201 0 1
204 1 1
206 1 1
212 0 0
213 0 0
214 1 1
225 1 0
227 1 1
228 0 1
232 0 0
234 0 1
235 1 0
243 0 0
244 0 0
303 1 1
306 1 1
308 1 1
310 1 1
315 1 0
320 1 1
325 0 0
326 1 0
328 1 1
332 1 0
334 0 0
337 1 0
339 0 0
340 0 0
342 1 0
344 0 0
345 1 0
405 0 1
408 1 0
409 1 1
410 0 0
413 0 0
418 1 0
420 0 1
425 1 0
427 1 0
430 0 0
431 0 1
439 1 0
440 1 0
443 1 0
450 1 0
507 1 0
508 1 0
509 1 0
511 1 1
512 1 0
513 1 1
523 1 0
525 1 1
534 1 1
535 1 0
538 1 0
539 1 0
542 1 0
543 1 0
601 1 0
606 1 0
610 1 1
611 1 1
612 1 0
617 1 0
619 1 1
620 1 0
621 1 0
624 1 0
627 1 0
629 1 0
635 1 0
643 1 0
644 1 0
649 1 0
650 1 0
