119 0 0
313 0 0
314 0 0
335 0 0
211 0 0
207 0 0
122 0 0
240 0 0

102 1 1
110 0 1
119 0 0
122 0 0
126 1 0
127 0 0
128 0 1
141 0 0
142 1 0
143 1 0
150 0 0
205 0 0
207 0 0
211 0 0
216 1 0
217 1 0
218 1 1
219 1 1
228 0 1
229 1 1
230 0 1
237 1 0
240 0 0
244 0 0
245 0 0
247 1 0
249 1 0
301 0 0
306 1 1
313 0 0
314 0 0
320 1 1
322 0 1
325 0 0
326 1 0
328 1 1
329 0 1
331 0 1
333 1 0
334 0 0
335 0 0
338 0 0
402 1 1
408 1 0
413 0 0
415 1 1
417 1 0
418 1 0
423 1 0
424 1 0
425 1 0
427 1 0
428 1 1
432 1 0
434 0 1
436 1 0
438 0 0
439 1 0
440 1 0
441 1 1
446 1 0
448 1 0
449 1 0
511 1 1
512 1 0
517 1 0
518 1 0
524 1 0
526 1 0
528 1 1
534 1 1
535 1 0
538 1 0
541 1 0
544 1 0
546 1 0
547 1 0
548 1 0
606 1 0
608 1 1
610 1 1
611 1 1
623 1 0
628 1 0
629 1 0
632 1 0
638 1 1
640 1 1
645 1 0
650 1 0
