101 1 1 1 1 1 1 1 1 1 1 1 1 1 1 1 1 1 1 1 1
107 0 0 0 1 0 0 1 0 0 0 0 0 0 0 1 0 0 1 0 0
112 1 1 1 1 1 1 1 1 1 1 1 1 1 1 1 1 1 1 1 1
124 1 1 1 1 1 1 1 1 1 1 1 1 1 1 1 1 1 1 1 1
132 0 0 1 0 0 0 1 0 0 0 0 0 0 0 0 0 0 0 1 1
133 0 1 0 0 1 0 0 0 1 0 0 0 0 0 0 0 1 0 0 0
135 0 0 0 0 1 0 0 0 0 0 0 0 1 0 0 0 0 0 1 1
136 0 0 0 0 0 0 1 0 0 0 0 0 0 1 1 0 0 0 0 1
139 1 1 0 1 1 1 1 1 1 1 1 1 1 1 1 1 1 1 1 1
140 1 1 1 1 1 1 1 1 1 0 1 1 1 1 1 1 1 1 1 1
142 1 1 1 1 1 1 1 1 1 1 1 1 1 1 1 1 1 1 1 1
145 1 1 1 1 1 1 1 1 1 1 1 1 1 1 1 1 1 1 1 1
150 1 1 1 1 1 1 1 1 1 1 1 1 1 1 0 1 1 1 1 1
201 1 1 1 1 1 1 1 1 1 1 1 1 1 1 1 1 1 1 1 1
202 1 1 1 1 1 1 1 1 1 1 1 1 1 1 1 1 1 1 1 1
203 0 0 1 0 0 1 0 0 0 0 0 0 0 0 1 1 0 0 0 0
208 1 1 1 1 1 1 1 1 1 1 1 1 1 1 1 1 1 1 1 1
209 1 1 1 1 1 1 1 1 1 1 1 1 1 1 1 1 1 1 1 1
210 1 0 1 1 1 1 1 1 1 1 1 1 1 1 1 1 1 1 1 1
222 0 0 1 0 0 0 1 0 0 1 0 1 0 0 0 0 0 0 0 0
227 1 1 1 1 1 1 1 1 1 1 1 1 1 1 1 1 1 1 1 1
230 1 1 1 1 1 1 1 1 1 1 1 1 1 1 1 1 1 1 1 1
235 1 1 1 1 1 1 1 1 1 1 1 1 1 1 1 1 1 1 1 1
236 1 1 1 1 1 1 1 1 1 1 1 1 1 1 1 1 1 1 1 1
237 1 1 1 1 1 1 1 1 1 1 1 1 1 1 1 1 1 1 1 1
245 1 1 1 1 1 1 1 1 1 1 1 1 1 1 1 1 1 1 1 1
246 1 1 1 1 1 1 1 1 1 1 1 1 1 1 1 1 1 1 1 1
248 1 1 1 1 1 1 1 1 1 1 1 1 1 1 1 1 1 1 1 1
249 1 1 1 1 1 1 1 1 1 1 1 1 1 1 1 1 1 1 1 1
304 1 1 1 1 1 1 1 1 1 1 1 1 1 1 1 1 1 1 1 1
305 1 1 1 1 1 1 1 1 1 1 1 1 1 1 1 1 1 1 1 1
306 1 1 1 1 1 1 1 1 1 1 1 1 1 1 1 1 1 1 1 1
309 1 1 1 1 1 1 1 1 1 1 1 1 1 1 1 1 1 1 1 1
311 1 1 1 1 1 1 1 1 1 1 1 1 1 1 1 1 1 1 1 1
327 1 1 1 1 1 0 1 1 1 1 1 1 1 1 1 1 1 1 1 1
331 1 1 1 1 1 1 1 1 1 1 1 1 1 1 1 1 1 1 1 1
339 1 1 1 1 1 1 1 1 1 1 1 1 1 1 1 1 1 1 1 1
348 1 1 1 1 1 1 1 1 1 1 1 1 1 1 1 1 1 1 1 1
407 1 1 1 1 1 1 1 1 1 1 1 1 1 1 1 1 1 1 1 1
408 1 1 1 1 1 1 1 1 1 1 1 1 1 1 1 1 1 1 1 1
409 1 1 1 1 1 1 1 1 1 1 1 1 1 1 1 1 1 1 1 1
412 1 1 1 1 1 1 1 1 1 1 1 1 1 1 1 1 1 1 1 1
414 1 1 1 1 1 1 1 1 1 1 1 1 1 1 1 1 1 1 1 1
417 1 1 1 1 1 1 1 1 1 1 1 1 1 1 1 1 1 1 1 1
419 1 1 1 1 1 1 1 1 1 1 1 1 1 1 1 1 1 1 1 1
420 1 1 1 1 1 1 1 1 1 1 1 1 1 1 1 1 1 1 1 1
424 1 1 1 1 1 1 1 1 1 1 1 1 1 1 1 1 1 1 1 1
426 1 1 1 1 1 1 1 1 1 1 1 1 1 1 1 1 1 1 1 1
429 1 0 0 0 0 0 1 0 1 0 0 0 1 0 0 0 0 0 0 0
430 1 1 1 1 1 1 1 1 1 1 1 1 1 1 1 1 1 1 1 1
434 1 1 1 1 1 1 1 1 1 1 1 1 1 1 1 1 1 1 1 1
436 1 1 1 1 1 1 1 1 1 1 1 1 1 1 1 1 1 1 1 1
437 1 1 1 1 1 1 1 1 1 1 1 1 1 1 1 1 1 1 1 1
438 1 1 1 1 1 1 1 1 1 1 1 1 1 1 1 1 1 1 1 1
442 1 1 1 1 1 1 1 1 1 1 1 1 1 1 1 1 1 1 1 1
444 1 1 1 1 1 1 1 1 1 1 1 1 1 1 1 1 1 1 1 1
446 1 1 1 1 1 1 1 1 1 1 1 1 1 1 1 1 1 1 1 1
448 1 1 1 1 1 1 1 1 1 1 1 1 1 1 1 1 1 1 1 1
449 1 1 1 1 1 1 1 1 1 1 1 1 1 1 1 1 1 1 1 1
504 1 1 1 1 1 1 1 1 1 1 1 1 1 1 1 1 1 1 1 1
505 1 1 1 1 1 1 1 1 1 1 1 1 1 1 1 1 1 1 1 1
514 1 1 1 1 1 1 1 1 1 1 1 1 1 1 1 1 1 1 1 1
515 1 1 1 1 1 1 1 1 1 1 1 1 1 1 1 1 1 1 1 1
518 1 1 1 1 1 1 1 1 1 1 1 1 1 1 1 1 1 1 1 1
523 1 1 1 1 1 1 1 1 1 1 1 1 1 1 1 1 1 1 1 1
526 1 1 1 1 1 1 1 1 1 1 1 1 1 1 1 1 1 1 1 1
529 1 1 1 1 1 1 1 1 1 1 1 1 1 1 1 1 1 1 1 1
533 1 1 1 1 1 1 1 1 1 1 1 1 1 1 1 1 1 1 1 1
535 1 1 1 1 1 1 1 1 1 1 1 1 1 1 1 1 1 1 1 1
536 1 1 1 1 1 1 1 1 1 1 1 1 1 1 1 1 1 1 1 1
537 1 1 1 1 1 1 1 1 1 1 1 1 1 1 1 1 1 1 1 1
539 1 1 1 1 1 1 1 1 1 1 1 1 1 1 1 1 1 1 1 1
540 1 1 1 1 1 1 1 1 1 1 1 1 1 1 1 1 1 1 1 1
541 1 1 1 1 1 1 1 1 1 1 1 1 1 1 1 1 1 1 1 1
542 1 1 1 1 1 1 1 1 1 1 1 1 1 1 1 1 1 1 1 1
546 1 1 1 1 1 1 1 1 1 1 1 1 1 1 1 1 1 1 1 1
548 1 1 1 1 1 1 1 1 1 1 1 1 1 1 1 1 1 1 1 1
550 1 1 1 1 1 1 1 1 1 1 1 1 1 1 1 1 1 1 1 1
601 1 1 1 1 1 1 1 1 1 1 1 1 1 1 1 1 1 1 1 1
603 1 1 1 1 1 1 1 1 1 1 1 1 1 1 1 1 1 1 1 1
605 1 1 1 1 1 1 1 1 1 1 1 1 1 1 1 1 1 1 1 1
615 1 1 1 1 1 1 1 1 1 1 1 1 1 1 1 1 1 1 1 1
616 1 1 1 1 1 1 1 1 1 1 1 1 1 1 1 1 1 1 1 1
622 1 1 1 1 1 1 1 1 1 1 1 1 1 1 1 1 1 1 1 1
631 1 1 1 1 1 1 1 1 1 1 1 1 1 1 1 1 1 1 1 1
632 1 1 1 1 1 1 1 1 1 1 1 1 1 1 1 1 1 1 1 1
638 1 1 1 1 1 1 1 1 1 1 1 1 1 1 1 1 1 1 1 1
646 1 1 1 1 1 1 1 1 1 1 1 1 1 1 1 1 1 1 1 1
648 1 1 1 1 1 1 1 1 1 1 1 1 1 1 1 1 1 1 1 1
650 1 1 1 1 1 1 1 1 1 1 1 1 1 1 1 1 1 1 1 1
