109 1 1 1 1 1 1 1 1 1 1 1 1 1 1 1 1 1 1 1 1
110 1 1 1 1 1 1 1 1 1 1 1 1 1 1 1 1 1 1 1 1
115 1 1 1 1 1 1 1 1 1 1 1 1 1 1 1 1 1 1 1 1
116 1 1 1 1 1 1 1 1 1 1 1 1 1 1 1 1 1 1 1 1
125 1 1 1 1 1 1 1 1 1 1 1 1 1 1 1 1 1 1 1 1
126 1 1 1 1 1 1 1 1 1 1 1 1 1 1 1 1 1 1 1 1
130 0 1 0 0 0 0 0 0 0 1 0 0 0 1 0 1 0 0 0 0
134 0 0 0 1 0 0 1 0 1 0 0 0 0 0 0 0 0 0 1 0
136 0 1 0 1 0 0 1 0 0 0 0 0 0 1 0 0 0 0 0 0
138 1 1 1 1 1 1 1 1 1 1 1 1 1 1 1 1 1 1 1 1
140 0 0 1 0 1 0 0 0 1 0 0 0 0 0 1 0 0 0 0 0
147 1 1 1 1 1 1 1 1 1 1 1 1 1 1 1 1 1 1 1 1
205 0 1 0 0 0 0 0 0 0 0 0 0 0 0 0 1 0 1 0 1
206 1 1 1 1 1 1 1 1 1 1 1 1 1 1 1 1 1 1 1 1
208 1 1 1 1 1 1 1 1 1 1 1 1 1 1 1 1 1 1 1 1
211 0 0 0 0 0 0 1 1 0 0 0 0 1 0 0 0 0 1 0 0
213 1 0 0 0 0 0 0 1 1 0 0 0 0 0 0 0 0 1 0 0
218 1 1 1 1 1 1 1 1 1 1 1 1 1 1 1 1 1 1 1 1
229 1 1 1 1 1 1 1 1 1 1 1 1 1 1 1 1 1 1 1 1
233 1 1 1 1 1 1 1 1 1 1 1 1 1 1 1 1 1 1 1 1
235 1 1 1 1 1 1 1 1 1 1 1 1 1 1 1 1 1 1 1 1
238 1 1 1 1 1 1 1 1 1 1 0 1 1 1 1 1 1 1 1 1
239 1 1 1 1 1 1 1 1 1 1 1 1 1 0 1 1 1 1 1 1
243 1 1 1 1 1 1 1 1 1 1 1 1 1 1 1 1 1 1 1 1
302 1 1 1 1 1 1 1 1 1 1 1 1 1 1 1 1 1 1 1 1
304 1 1 1 1 1 1 1 1 1 1 1 1 1 1 1 1 1 1 1 1
306 1 1 1 1 1 1 1 1 1 1 1 1 1 1 1 1 1 1 1 1
307 1 1 1 1 1 1 1 1 1 1 1 1 1 1 1 1 1 1 1 1
308 1 1 1 1 1 1 1 1 1 1 1 1 1 1 1 1 1 1 1 1
317 1 1 1 1 1 1 1 1 1 1 1 1 1 1 1 1 1 1 1 1
320 1 1 1 1 1 1 1 1 1 1 1 1 1 1 1 1 1 1 1 1
321 1 1 1 1 1 1 1 1 1 1 1 1 1 1 1 1 1 1 1 1
325 1 0 0 0 0 0 0 0 0 0 0 0 1 1 0 1 0 0 0 0
329 1 1 1 1 1 1 1 1 1 1 1 1 1 1 1 1 1 1 1 1
330 1 1 1 1 1 1 1 1 1 1 1 1 1 1 1 1 1 1 1 1
332 1 1 1 1 1 1 1 1 1 1 1 1 1 1 1 1 1 1 1 1
333 1 1 1 1 1 1 1 1 1 1 1 1 1 1 1 1 1 1 1 1
338 1 1 1 1 1 1 1 0 1 1 1 1 1 1 1 1 1 1 1 1
339 1 1 1 1 1 1 1 1 1 1 1 1 1 1 1 1 1 0 1 1
341 1 1 1 1 1 1 1 1 1 1 0 1 1 1 1 1 1 1 1 1
344 1 1 1 1 1 1 1 1 1 1 1 1 1 1 1 1 1 1 1 1
401 1 1 1 1 1 1 1 1 1 1 1 1 1 1 1 1 1 1 1 1
404 1 1 1 1 1 1 1 1 1 1 1 1 1 1 1 1 1 1 1 1
405 1 1 1 1 1 1 1 1 1 1 1 1 1 1 1 1 1 1 1 1
411 1 1 1 1 1 1 1 1 1 1 1 1 1 1 1 1 1 1 1 1
416 1 1 1 1 1 1 1 1 1 1 1 1 1 1 1 1 1 1 1 1
423 1 1 1 1 1 1 1 1 1 1 1 1 1 1 1 1 1 1 1 1
424 1 1 1 1 1 1 1 1 1 1 1 1 1 1 1 1 1 1 1 1
431 1 1 1 1 1 1 1 1 1 1 1 1 1 1 1 1 1 1 1 1
433 1 1 1 1 1 1 1 1 1 1 1 1 1 1 1 1 1 1 1 1
435 1 1 1 1 1 1 1 1 1 1 1 1 1 1 1 1 1 1 1 1
442 1 1 1 1 1 1 1 1 1 1 1 1 1 1 1 1 1 1 1 1
444 1 1 1 1 1 1 1 1 1 1 1 1 1 1 1 1 1 1 1 1
446 1 1 1 1 1 1 1 1 1 1 1 1 1 1 1 1 1 1 1 1
450 1 1 1 1 1 1 1 1 1 1 1 1 1 1 1 1 1 1 1 1
501 1 1 1 1 1 1 1 1 1 1 1 1 1 1 1 1 1 1 1 1
507 1 1 1 1 1 1 1 1 1 1 1 1 1 1 1 1 1 1 1 1
514 1 1 1 1 1 1 1 1 1 1 1 1 1 1 1 1 1 1 1 1
518 1 1 1 1 1 1 1 1 1 1 1 1 1 1 1 1 1 1 1 1
519 1 1 1 1 1 1 1 1 1 1 1 1 1 1 1 1 1 1 1 1
525 1 1 1 1 1 1 1 1 1 1 1 1 1 1 1 1 1 1 1 1
526 1 1 1 1 1 1 1 1 1 1 1 1 1 1 1 1 1 1 1 1
528 1 1 1 1 1 1 1 1 1 1 1 1 1 1 1 1 1 1 1 1
529 1 1 1 1 1 1 1 1 1 1 1 1 1 1 1 1 1 1 1 1
533 1 1 1 1 1 1 1 1 1 1 1 1 1 1 1 1 1 1 1 1
536 1 1 1 1 1 1 1 1 1 1 1 1 1 1 1 1 1 1 1 1
538 1 1 1 1 1 1 1 1 1 1 1 1 1 1 1 1 1 1 1 1
540 1 1 1 1 1 1 1 1 1 1 1 1 1 1 1 1 1 1 1 1
542 1 1 1 1 1 1 1 1 1 1 1 1 1 1 1 1 1 1 1 1
543 1 1 1 1 1 1 1 1 1 1 1 1 1 1 1 1 1 1 1 1
544 1 1 1 1 1 1 1 1 1 1 1 1 1 1 1 1 1 1 1 1
549 1 1 1 1 1 1 1 1 1 1 1 1 1 1 1 1 1 1 1 1
603 1 1 1 1 1 1 1 1 1 1 1 1 1 1 1 1 1 1 1 1
604 1 1 1 1 1 1 1 1 1 1 1 1 1 1 1 1 1 1 1 1
606 1 1 1 1 1 1 1 1 1 1 1 1 1 1 1 1 1 1 1 1
610 1 1 1 1 1 1 1 1 1 1 1 1 1 1 1 1 1 1 1 1
612 1 1 1 1 1 1 1 1 1 1 1 1 1 1 1 1 1 1 1 1
613 1 1 1 1 1 1 1 1 1 1 1 1 1 1 1 1 1 1 1 1
614 1 1 1 1 1 1 1 1 1 1 1 1 1 1 1 1 1 1 1 1
615 1 1 1 1 1 1 1 1 1 1 1 1 1 1 1 1 1 1 1 1
616 1 1 1 1 1 1 1 1 1 1 1 1 1 1 1 1 1 1 1 1
618 1 1 1 1 1 1 1 1 1 1 1 1 1 1 1 1 1 1 1 1
619 1 1 1 1 1 1 1 1 1 1 1 1 1 1 1 1 1 1 1 1
621 1 1 1 1 1 1 1 1 1 1 1 1 1 1 1 1 1 1 1 1
626 1 1 1 1 1 1 1 1 1 1 1 1 1 1 1 1 1 1 1 1
637 1 1 1 1 1 1 1 1 1 1 1 1 1 1 1 1 1 1 1 1
639 1 1 1 1 1 1 1 1 1 1 1 1 1 1 1 1 1 1 1 1
640 1 1 1 1 1 1 1 1 1 1 1 1 1 1 1 1 1 1 1 1
641 1 1 1 1 1 1 1 1 1 1 1 1 1 1 1 1 1 1 1 1
649 1 1 1 1 1 1 1 1 1 1 1 1 1 1 1 1 1 1 1 1
