101 1 1 1 1 1 1 1 1 1 1 1 1 1 1 1 1 1 1 1 1
110 1 1 1 1 1 1 1 1 1 1 1 1 1 1 1 1 1 1 1 1
111 1 1 1 1 1 1 1 1 1 1 1 1 1 1 1 1 1 1 1 1
114 1 1 1 1 1 1 1 1 1 1 1 1 1 1 1 1 1 1 1 1
116 1 1 1 1 1 1 1 1 1 1 1 1 1 1 1 1 1 1 1 1
118 1 1 1 1 1 1 1 1 1 1 1 1 1 1 1 1 1 1 1 1
120 1 1 1 1 1 1 1 1 1 1 1 1 1 1 1 1 1 1 1 1
128 1 1 1 1 1 1 1 1 1 1 1 1 1 1 1 1 1 1 1 1
129 0 0 0 0 0 0 0 1 0 0 0 1 1 0 0 1 0 0 0 0
134 1 0 0 1 0 0 0 1 0 0 1 0 0 0 0 0 0 0 0 0
140 1 1 1 1 1 1 1 1 1 1 1 1 1 1 1 1 1 1 1 1
141 1 1 1 1 1 1 1 1 1 1 1 1 1 1 1 1 1 1 1 1
143 1 1 1 1 1 1 1 1 1 1 1 1 1 1 1 1 1 1 1 1
144 1 1 1 1 1 1 1 1 1 1 1 1 1 1 1 1 1 1 1 1
147 1 1 1 1 1 1 1 1 1 1 1 1 1 1 1 1 1 1 1 1
204 1 1 1 1 1 1 1 1 1 1 1 1 1 1 1 1 1 1 1 1
205 1 1 1 1 1 1 1 1 1 1 1 0 1 1 1 1 1 1 1 1
206 1 1 1 1 1 1 1 1 1 1 1 1 1 1 1 1 1 1 1 1
210 0 1 1 1 1 1 1 1 1 1 1 1 1 1 1 1 1 1 1 1
213 1 1 1 1 1 1 1 1 1 1 1 1 1 1 1 1 1 1 1 1
217 1 1 1 1 1 1 1 1 1 1 1 1 1 1 1 1 1 1 1 1
218 1 1 1 1 1 1 1 1 1 1 1 1 1 1 1 1 1 1 1 1
219 1 1 1 1 1 1 1 1 1 1 1 1 1 1 1 1 1 1 1 1
228 1 1 1 1 1 1 1 1 1 1 1 1 1 1 1 1 1 1 1 1
232 1 0 0 0 0 0 0 0 0 0 1 0 1 1 0 0 0 0 0 0
233 1 1 1 1 1 1 1 1 1 1 1 1 1 1 1 1 1 1 1 1
235 1 1 1 1 1 1 1 1 1 1 1 1 1 1 1 1 1 1 1 1
237 1 1 1 1 1 1 1 1 1 1 1 1 1 1 1 1 1 1 1 1
238 0 0 0 0 0 0 0 1 0 0 0 0 0 0 1 1 1 0 0 0
241 1 1 1 1 1 1 1 1 1 1 1 1 1 1 1 1 1 1 1 1
242 1 0 0 0 0 0 0 1 0 0 0 0 0 1 0 0 0 1 0 0
301 1 1 1 1 1 1 1 1 0 1 1 1 1 1 1 1 1 1 1 1
304 1 1 1 1 1 1 1 1 1 1 1 1 1 1 1 1 1 1 1 1
306 1 1 1 1 1 1 1 1 1 1 1 1 1 1 1 1 1 1 1 1
307 1 1 1 1 1 1 1 1 1 1 1 1 1 1 1 1 1 1 1 1
310 1 1 1 1 1 1 1 1 1 1 1 1 1 1 1 1 1 1 1 1
312 1 1 0 1 1 1 1 1 1 1 1 1 1 1 1 1 1 1 1 1
316 0 1 0 0 1 0 0 0 0 0 0 0 1 0 0 0 0 1 0 0
317 1 1 1 1 1 1 1 1 1 1 1 1 1 1 1 1 1 1 1 1
318 1 0 0 0 0 0 0 0 0 0 1 0 0 0 0 0 0 1 0 1
322 1 1 1 1 1 1 1 1 1 1 1 1 1 1 1 1 1 1 1 1
327 1 1 1 1 1 1 1 1 1 1 1 1 1 1 1 1 1 1 1 1
333 1 1 1 1 1 1 1 1 1 1 1 1 1 1 1 1 1 1 1 1
334 1 1 1 0 1 1 1 1 1 1 1 1 1 1 1 1 1 1 1 1
340 1 0 1 0 0 0 0 0 0 0 0 1 0 0 0 1 0 0 0 0
342 1 1 1 1 1 1 1 1 1 1 1 1 1 1 1 1 1 1 1 1
346 1 1 1 1 1 1 1 1 1 1 1 1 1 1 1 1 1 1 1 1
402 1 1 1 1 1 1 1 1 1 1 1 1 1 1 1 1 1 1 1 1
405 1 1 1 1 1 1 1 1 1 1 1 1 1 1 1 1 1 1 1 1
407 1 1 1 1 1 1 1 1 1 1 1 1 1 1 1 1 1 1 1 1
408 1 1 1 1 1 1 1 1 1 1 1 1 1 1 1 1 1 1 1 1
418 1 1 1 1 1 1 1 1 1 1 1 1 1 1 1 1 1 1 1 1
420 1 1 1 1 1 1 1 1 1 1 1 1 1 1 1 1 1 1 1 1
421 1 1 1 1 1 1 1 1 1 1 1 1 1 1 1 1 1 1 1 1
422 1 1 1 1 1 1 1 1 1 1 1 1 1 1 1 1 1 1 1 1
425 1 1 1 1 1 1 1 1 1 1 1 1 1 1 1 1 1 1 1 1
427 1 1 1 1 1 1 1 1 1 1 1 1 1 1 1 1 1 1 1 1
428 1 1 1 1 1 1 1 1 1 1 1 1 1 1 1 1 1 1 1 1
432 1 1 1 1 1 1 1 1 1 1 1 1 1 1 1 1 1 1 1 1
435 1 1 1 1 1 1 1 1 1 1 1 1 1 1 1 1 1 1 1 1
442 1 1 1 1 1 1 1 1 1 1 1 1 1 1 1 1 1 1 1 1
445 1 1 1 1 1 1 1 1 1 1 1 1 1 1 1 1 1 1 1 1
446 1 1 1 1 1 1 1 1 1 1 1 1 1 1 1 1 1 1 1 1
447 1 1 1 1 1 1 1 1 1 1 1 1 1 1 1 1 1 1 1 1
449 1 1 1 1 1 1 1 1 1 1 1 1 1 1 1 1 1 1 1 1
450 1 1 1 1 1 1 1 1 1 1 1 1 1 1 1 1 1 1 1 1
503 1 1 1 1 1 1 1 1 1 1 1 1 1 1 1 1 1 1 1 1
513 1 1 1 1 1 1 1 1 1 1 1 1 1 1 1 1 1 1 1 1
516 1 1 1 1 1 1 1 1 1 1 1 1 1 1 1 1 1 1 1 1
519 1 1 1 1 1 1 1 1 1 1 1 1 1 1 1 1 1 1 1 1
520 1 1 1 1 1 1 1 1 1 1 1 1 1 1 1 1 1 1 1 1
524 1 1 1 1 1 1 1 1 1 1 1 1 1 1 1 1 1 1 1 1
527 1 1 1 1 1 1 1 1 1 1 1 1 1 1 1 1 1 1 1 1
530 1 1 1 1 1 1 1 1 1 1 1 1 1 1 1 1 1 1 1 1
532 1 1 1 1 1 1 1 1 1 1 1 1 1 1 1 1 1 1 1 1
534 1 1 1 1 1 1 1 1 1 1 1 1 1 1 1 1 1 1 1 1
539 1 1 1 1 1 1 1 1 1 1 1 1 1 1 1 1 1 1 1 1
547 1 1 1 1 1 1 1 1 1 1 1 1 1 1 1 1 1 1 1 1
601 1 1 1 1 1 1 1 1 1 1 1 1 1 1 1 1 1 1 1 1
605 1 1 1 1 1 1 1 1 1 1 1 1 1 1 1 1 1 1 1 1
607 1 1 1 1 1 1 1 1 1 1 1 1 1 1 1 1 1 1 1 1
609 1 1 1 1 1 1 1 1 1 1 1 1 1 1 1 1 1 1 1 1
610 1 1 1 1 1 1 1 1 1 1 1 1 1 1 1 1 1 1 1 1
611 1 1 1 1 1 1 1 1 1 1 1 1 1 1 1 1 1 1 1 1
614 1 1 1 1 1 1 1 1 1 1 1 1 1 1 1 1 1 1 1 1
626 1 1 1 1 1 1 1 1 1 1 1 1 1 1 1 1 1 1 1 1
627 1 1 1 1 1 1 1 1 1 1 1 1 1 1 1 1 1 1 1 1
630 1 1 1 1 1 1 1 1 1 1 1 1 1 1 1 1 1 1 1 1
638 1 1 1 1 1 1 1 1 1 1 1 1 1 1 1 1 1 1 1 1
648 1 1 1 1 1 1 1 1 1 1 1 1 1 1 1 1 1 1 1 1
