104 1 1 1 1 1 1 1 1 1 1 1 1 1 1 1 1 1 1 1 1
111 1 1 1 1 1 1 1 1 1 1 1 1 1 1 1 1 1 1 1 1
118 1 1 1 1 1 1 1 1 1 1 1 1 1 1 1 1 1 1 1 1
123 1 1 1 1 1 1 1 1 1 1 1 1 1 1 1 1 1 1 1 1
124 1 1 1 1 1 1 1 1 1 1 1 1 1 1 1 1 1 1 1 1
127 1 1 1 1 1 1 1 1 1 1 1 1 1 1 1 1 1 1 1 1
134 0 0 0 0 0 0 1 1 0 1 0 0 1 0 0 0 0 0 0 0
136 0 1 0 1 0 0 0 0 0 1 0 0 0 0 0 0 0 0 1 0
140 1 1 1 1 1 1 1 1 1 1 1 1 1 0 1 1 1 1 1 1
144 1 1 1 1 1 1 1 1 1 1 1 1 1 1 1 1 1 1 1 1
146 1 1 1 1 1 1 1 1 1 1 1 1 1 1 1 1 1 1 1 1
148 1 1 1 1 1 1 1 1 1 1 1 1 1 1 0 1 1 1 1 1
203 0 0 0 1 0 0 0 0 0 0 0 0 1 1 0 0 0 0 1 0
205 1 1 1 1 1 1 1 1 1 1 1 1 1 1 1 1 1 1 1 1
208 1 1 1 1 1 1 1 1 1 1 1 1 1 1 1 1 1 1 1 1
210 1 1 0 1 1 1 1 1 1 1 1 1 1 1 1 1 1 1 1 1
217 1 1 1 1 1 1 1 1 1 1 1 1 1 1 1 1 1 1 1 1
219 1 1 1 1 1 1 1 1 1 1 1 1 1 1 1 1 1 1 1 1
221 1 1 1 1 1 1 1 1 1 1 1 1 1 1 1 1 1 1 1 1
225 1 1 1 1 1 1 1 1 1 1 1 1 1 1 1 1 1 1 1 1
226 1 1 1 0 1 1 1 1 1 1 1 1 1 1 1 1 1 1 1 1
227 1 1 1 1 1 1 1 1 1 1 1 1 1 1 1 1 1 1 1 1
233 1 1 1 1 1 1 1 1 1 1 1 1 1 1 1 1 1 1 1 1
234 1 1 1 1 1 1 1 1 1 1 1 1 1 1 1 1 1 1 1 1
236 1 1 1 1 1 1 1 1 1 1 1 1 1 1 1 1 1 1 1 1
237 1 1 1 1 1 1 1 1 1 1 1 1 1 1 1 1 1 1 1 1
238 0 1 0 0 0 0 1 0 0 0 0 0 1 0 0 0 0 1 0 0
244 1 1 1 1 1 1 1 0 1 1 1 1 1 1 1 1 1 1 1 1
247 1 1 1 1 1 1 1 1 1 1 1 1 1 1 1 1 1 1 1 1
305 1 1 1 1 1 1 1 1 1 1 1 1 1 1 1 1 1 1 1 1
307 1 1 1 1 1 1 1 1 1 1 1 1 1 1 1 1 1 1 1 1
309 1 1 1 1 1 1 1 1 1 1 1 1 1 1 1 1 1 1 1 1
318 1 0 0 0 0 1 0 0 0 1 0 0 0 0 0 1 0 0 0 0
321 1 1 1 1 1 1 1 1 1 1 1 1 1 1 1 1 1 1 1 1
322 1 1 1 1 1 1 1 1 1 1 1 1 1 1 1 1 1 1 1 1
324 1 1 1 1 1 1 1 1 1 1 1 1 1 1 1 1 1 1 1 1
326 1 1 1 1 1 1 1 1 1 1 1 1 1 1 1 1 1 1 1 1
337 1 1 1 1 1 1 1 1 1 1 1 1 1 1 1 1 1 1 1 1
339 1 1 1 1 1 1 1 1 1 1 0 1 1 1 1 1 1 1 1 1
345 1 1 1 1 1 1 1 1 1 1 1 1 1 1 1 1 1 1 1 1
346 1 1 1 1 1 1 1 1 1 1 1 1 1 1 1 1 1 1 1 1
401 0 0 0 1 0 0 0 0 0 0 0 0 1 0 1 0 1 0 0 0
405 1 1 1 1 1 1 1 1 1 1 1 1 1 1 1 1 1 1 1 1
406 0 0 0 0 0 0 0 0 0 1 1 1 0 0 0 0 1 0 0 0
409 1 1 1 1 1 1 1 1 1 1 1 1 1 1 1 1 1 1 1 1
411 1 1 1 1 1 1 1 1 1 1 1 1 1 1 1 1 1 1 1 1
413 1 1 1 1 1 0 1 1 1 1 1 1 1 1 1 1 1 1 1 1
422 1 1 1 1 1 1 1 1 1 1 1 1 1 1 1 1 1 1 1 1
429 0 1 0 0 0 1 0 0 0 0 0 0 0 0 0 0 0 1 0 1
432 1 1 1 1 1 1 1 1 1 1 1 1 1 1 1 1 1 1 1 1
441 1 1 1 1 1 1 1 1 1 1 1 1 1 1 1 1 1 1 1 1
442 1 1 1 1 1 1 1 1 1 1 1 1 1 1 1 1 1 1 1 1
503 1 1 1 1 1 1 1 1 1 1 1 1 1 1 1 1 1 1 1 1
509 1 1 1 1 1 1 1 1 1 1 1 1 1 1 1 1 1 1 1 1
510 1 1 1 1 1 1 1 1 1 1 1 1 1 1 1 1 1 1 1 1
514 1 1 1 1 1 1 1 1 1 1 1 1 1 1 1 1 1 1 1 1
517 1 1 1 1 1 1 1 1 1 1 1 1 1 1 1 1 1 1 1 1
518 1 1 1 1 1 1 1 1 1 1 1 1 1 1 1 1 1 1 1 1
520 1 1 1 1 1 1 1 1 1 1 1 1 1 1 1 1 1 1 1 1
526 1 1 1 1 1 1 1 1 1 1 1 1 1 1 1 1 1 1 1 1
530 1 1 1 1 1 1 1 1 1 1 1 1 1 1 1 1 1 1 1 1
535 1 1 1 1 1 1 1 1 1 1 1 1 1 1 1 1 1 1 1 1
536 1 1 1 1 1 1 1 1 1 1 1 1 1 1 1 1 1 1 1 1
539 1 1 1 1 1 1 1 1 1 1 1 1 1 1 1 1 1 1 1 1
540 1 1 1 1 1 1 1 1 1 1 1 1 1 1 1 1 1 1 1 1
542 1 1 1 1 1 1 1 1 1 1 1 1 1 1 1 1 1 1 1 1
546 1 1 1 1 1 1 1 1 1 1 1 1 1 1 1 1 1 1 1 1
602 1 1 1 1 1 1 1 1 1 1 1 1 1 1 1 1 1 1 1 1
603 1 1 1 1 1 1 1 1 1 1 1 1 1 1 1 1 1 1 1 1
604 1 1 1 1 1 1 1 1 1 1 1 1 1 1 1 1 1 1 1 1
606 1 1 1 1 1 1 1 1 1 1 1 1 1 1 1 1 1 1 1 1
607 1 1 1 1 1 1 1 1 1 1 1 1 1 1 1 1 1 1 1 1
608 1 1 1 1 1 1 1 1 1 1 1 1 1 1 1 1 1 1 1 1
609 1 1 1 1 1 1 1 1 1 1 1 1 1 1 1 1 1 1 1 1
610 1 1 1 1 1 1 1 1 1 1 1 1 1 1 1 1 1 1 1 1
617 1 1 1 1 1 1 1 1 1 1 1 1 1 1 1 1 1 1 1 1
618 1 1 1 1 1 1 1 1 1 1 1 1 1 1 1 1 1 1 1 1
619 1 1 1 1 1 1 1 1 1 1 1 1 1 1 1 1 1 1 1 1
620 1 1 1 1 1 1 1 1 1 1 1 1 1 1 1 1 1 1 1 1
623 1 1 1 1 1 1 1 1 1 1 1 1 1 1 1 1 1 1 1 1
629 1 1 1 1 1 1 1 1 1 1 1 1 1 1 1 1 1 1 1 1
631 1 1 1 1 1 1 1 1 1 1 1 1 1 1 1 1 1 1 1 1
633 1 1 1 1 1 1 1 1 1 1 1 1 1 1 1 1 1 1 1 1
634 1 1 1 1 1 1 1 1 1 1 1 1 1 1 1 1 1 1 1 1
637 1 1 1 1 1 1 1 1 1 1 1 1 1 1 1 1 1 1 1 1
639 1 1 1 1 1 1 1 1 1 1 1 1 1 1 1 1 1 1 1 1
640 1 1 1 1 1 1 1 1 1 1 1 1 1 1 1 1 1 1 1 1
643 1 1 1 1 1 1 1 1 1 1 1 1 1 1 1 1 1 1 1 1
645 1 1 1 1 1 1 1 1 1 1 1 1 1 1 1 1 1 1 1 1
647 1 1 1 1 1 1 1 1 1 1 1 1 1 1 1 1 1 1 1 1
