102 1 1 1 1 1 1 1 1 1 1 1 1 1 1 1 1 1 1 1 1
110 1 1 1 1 1 1 1 1 1 1 1 1 1 1 1 1 1 1 1 1
119 0 0 1 0 0 0 0 0 0 1 0 0 0 0 1 1 0 0 0 0
122 0 1 0 0 1 0 1 0 0 0 0 0 0 0 1 0 0 0 0 0
126 1 1 1 1 1 1 1 1 1 1 1 1 1 1 1 1 1 1 1 1
127 1 1 1 1 1 1 1 0 1 1 1 1 1 1 1 1 1 1 1 1
128 1 1 1 1 1 1 1 1 1 1 1 1 1 1 1 1 1 1 1 1
141 1 1 1 1 1 1 1 1 1 1 0 1 1 1 1 1 1 1 1 1
142 1 1 1 1 1 1 1 1 1 1 1 1 1 1 1 1 1 1 1 1
143 1 1 1 1 1 1 1 1 1 1 1 1 1 1 1 1 1 1 1 1
150 1 1 1 1 1 1 1 1 1 1 1 1 1 1 1 1 1 1 1 1
205 1 1 1 1 1 1 1 1 1 1 1 0 1 1 1 1 1 1 1 1
207 0 0 0 0 0 0 0 1 0 0 1 0 0 0 0 0 0 0 1 1
211 0 0 0 0 0 0 0 0 0 1 0 0 0 0 1 0 0 0 1 1
216 1 1 1 1 1 1 1 1 1 1 1 1 1 1 1 1 1 1 1 1
217 1 1 1 1 1 1 1 1 1 1 1 1 1 1 1 1 1 1 1 1
218 1 1 1 1 1 1 1 1 1 1 1 1 1 1 1 1 1 1 1 1
219 1 1 1 1 1 1 1 1 1 1 1 1 1 1 1 1 1 1 1 1
228 1 1 1 1 1 1 1 1 1 1 1 1 1 1 1 1 1 1 1 1
229 1 1 1 1 1 1 1 1 1 1 1 1 1 1 1 1 1 1 1 1
230 1 1 1 1 1 1 1 1 1 1 1 1 1 1 1 1 1 1 1 1
237 1 1 1 1 1 1 1 1 1 1 1 1 1 1 1 1 1 1 1 1
240 0 0 0 1 0 0 0 0 0 0 0 0 0 0 0 1 1 0 1 0
244 1 1 1 1 1 1 1 1 1 1 0 1 1 1 1 1 1 1 1 1
245 1 1 1 1 1 1 1 1 1 1 1 1 1 1 1 1 1 1 1 1
247 1 1 1 1 1 1 1 1 1 1 1 1 1 1 1 1 1 1 1 1
249 1 1 1 1 1 1 1 1 1 1 1 1 1 1 1 1 1 1 1 1
301 0 1 1 1 1 1 1 1 1 1 1 1 1 1 1 1 1 1 1 1
306 1 1 1 1 1 1 1 1 1 1 1 1 1 1 1 1 1 1 1 1
313 0 0 1 0 0 1 0 0 0 0 0 1 0 1 0 0 0 0 0 0
314 0 0 1 0 0 1 0 0 0 0 1 0 0 0 0 0 0 0 1 0
320 1 1 1 1 1 1 1 1 1 1 1 1 1 1 1 1 1 1 1 1
322 1 1 1 1 1 1 1 1 1 1 1 1 1 1 1 1 1 1 1 1
325 1 1 1 1 1 1 1 1 1 1 1 0 1 1 1 1 1 1 1 1
326 1 1 1 1 1 1 1 1 1 1 1 1 1 1 1 1 1 1 1 1
328 1 1 1 1 1 1 1 1 1 1 1 1 1 1 1 1 1 1 1 1
329 1 1 1 1 1 1 1 1 1 1 1 1 1 1 1 1 1 1 1 1
331 1 1 1 1 1 1 1 1 1 1 1 1 1 1 1 1 1 1 1 1
333 1 1 1 1 1 1 1 1 1 1 1 1 1 1 1 1 1 1 1 1
334 1 1 1 1 1 1 1 1 1 1 1 1 1 1 1 1 1 1 1 1
335 0 1 0 0 0 0 1 0 0 0 0 0 0 0 1 0 0 1 0 0
338 0 1 1 1 1 1 1 1 1 1 1 1 1 1 1 1 1 1 1 1
402 1 1 1 1 1 1 1 1 1 1 1 1 1 1 1 1 1 1 1 1
408 1 1 1 1 1 1 1 1 1 1 1 1 1 1 1 1 1 1 1 1
413 1 1 1 1 1 1 1 1 1 1 1 1 1 1 1 1 1 1 1 0
415 1 1 1 1 1 1 1 1 1 1 1 1 1 1 1 1 1 1 1 1
417 1 1 1 1 1 1 1 1 1 1 1 1 1 1 1 1 1 1 1 1
418 1 1 1 1 1 1 1 1 1 1 1 1 1 1 1 1 1 1 1 1
423 1 1 1 1 1 1 1 1 1 1 1 1 1 1 1 1 1 1 1 1
424 1 1 1 1 1 1 1 1 1 1 1 1 1 1 1 1 1 1 1 1
425 1 1 1 1 1 1 1 1 1 1 1 1 1 1 1 1 1 1 1 1
427 1 1 1 1 1 1 1 1 1 1 1 1 1 1 1 1 1 1 1 1
428 1 1 1 1 1 1 1 1 1 1 1 1 1 1 1 1 1 1 1 1
432 1 1 1 1 1 1 1 1 1 1 1 1 1 1 1 1 1 1 1 1
434 1 1 1 1 1 1 1 1 1 1 1 1 1 1 1 1 1 1 1 1
436 1 1 1 1 1 1 1 1 1 1 1 1 1 1 1 1 1 1 1 1
438 1 1 1 1 1 1 1 1 1 1 1 1 1 1 1 1 1 1 1 1
439 1 1 1 1 1 1 1 1 1 1 1 1 1 1 1 1 1 1 1 1
440 1 1 1 1 1 1 1 1 1 1 1 1 1 1 1 1 1 1 1 1
441 1 1 1 1 1 1 1 1 1 1 1 1 1 1 1 1 1 1 1 1
446 1 1 1 1 1 1 1 1 1 1 1 1 1 1 1 1 1 1 1 1
448 1 1 1 1 1 1 1 1 1 1 1 1 1 1 1 1 1 1 1 1
449 1 1 1 1 1 1 1 1 1 1 1 1 1 1 1 1 1 1 1 1
511 1 1 1 1 1 1 1 1 1 1 1 1 1 1 1 1 1 1 1 1
512 1 1 1 1 1 1 1 1 1 1 1 1 1 1 1 1 1 1 1 1
517 1 1 1 1 1 1 1 1 1 1 1 1 1 1 1 1 1 1 1 1
518 1 1 1 1 1 1 1 1 1 1 1 1 1 1 1 1 1 1 1 1
524 1 1 1 1 1 1 1 1 1 1 1 1 1 1 1 1 1 1 1 1
526 1 1 1 1 1 1 1 1 1 1 1 1 1 1 1 1 1 1 1 1
528 1 1 1 1 1 1 1 1 1 1 1 1 1 1 1 1 1 1 1 1
534 1 1 1 1 1 1 1 1 1 1 1 1 1 1 1 1 1 1 1 1
535 1 1 1 1 1 1 1 1 1 1 1 1 1 1 1 1 1 1 1 1
538 1 1 1 1 1 1 1 1 1 1 1 1 1 1 1 1 1 1 1 1
541 1 1 1 1 1 1 1 1 1 1 1 1 1 1 1 1 1 1 1 1
544 1 1 1 1 1 1 1 1 1 1 1 1 1 1 1 1 1 1 1 1
546 1 1 1 1 1 1 1 1 1 1 1 1 1 1 1 1 1 1 1 1
547 1 1 1 1 1 1 1 1 1 1 1 1 1 1 1 1 1 1 1 1
548 1 1 1 1 1 1 1 1 1 1 1 1 1 1 1 1 1 1 1 1
606 1 1 1 1 1 1 1 1 1 1 1 1 1 1 1 1 1 1 1 1
608 1 1 1 1 1 1 1 1 1 1 1 1 1 1 1 1 1 1 1 1
610 1 1 1 1 1 1 1 1 1 1 1 1 1 1 1 1 1 1 1 1
611 1 1 1 1 1 1 1 1 1 1 1 1 1 1 1 1 1 1 1 1
623 1 1 1 1 1 1 1 1 1 1 1 1 1 1 1 1 1 1 1 1
628 1 1 1 1 1 1 1 1 1 1 1 1 1 1 1 1 1 1 1 1
629 1 1 1 1 1 1 1 1 1 1 1 1 1 1 1 1 1 1 1 1
632 1 1 1 1 1 1 1 1 1 1 1 1 1 1 1 1 1 1 1 1
638 1 1 1 1 1 1 1 1 1 1 1 1 1 1 1 1 1 1 1 1
640 1 1 1 1 1 1 1 1 1 1 1 1 1 1 1 1 1 1 1 1
645 1 1 1 1 1 1 1 1 1 1 1 1 1 1 1 1 1 1 1 1
650 1 1 1 1 1 1 1 1 1 1 1 1 1 1 1 1 1 1 1 1
