101 1 0
102 1 1
103 1 0
104 1 0
105 1 0
106 1 1
107 0 0
108 1 1
109 1 1
110 0 1
111 0 1
112 1 1
113 1 0
114 1 1
115 0 1
116 0 1
117 0 1
118 1 0
119 0 0
120 0 0
121 0 0
122 0 0
123 0 1
124 1 1
125 0 1
126 1 0
127 0 0
128 0 1
129 0 0
130 0 0
131 1 0
132 0 0
133 0 0
134 0 0
135 0 0
136 0 0
137 0 0
138 0 0
139 0 0
140 0 0
141 0 0
142 1 0
143 1 0
144 1 0
145 1 0
146 1 0
147 1 0
148 0 0
149 0 0
150 0 0
201 0 1
202 0 1
203 0 0
204 1 1
205 0 0
206 1 1
207 0 0
208 1 1
209 1 1
210 0 0
211 0 0
212 0 0
213 0 0
214 1 1
215 0 0
216 1 0
217 1 0
218 1 1
219 1 1
220 0 0
221 0 0
222 0 0
223 0 1
224 0 0
225 1 0
226 0 0
227 1 1
228 0 1
229 1 1
230 0 1
231 1 0
232 0 0
233 1 0
234 0 1
235 1 0
236 1 0
237 1 0
238 0 0
239 0 0
240 0 0
241 1 0
242 0 0
243 0 0
244 0 0
245 0 0
246 1 0
247 1 0
248 1 0
249 1 0
250 0 0
301 0 0
302 1 1
303 1 1
304 1 0
305 1 1
306 1 1
307 0 1
308 1 1
309 0 0
310 1 1
311 1 0
312 0 0
313 0 0
314 0 0
315 1 0
316 0 0
317 1 1
318 0 0
319 0 0
320 1 1
321 0 1
322 0 1
323 0 0
324 1 1
325 0 0
326 1 0
327 0 0
328 1 1
329 0 1
330 1 0
331 0 1
332 1 0
333 1 0
334 0 0
335 0 0
336 0 0
337 1 0
338 0 0
339 0 0
340 0 0
341 0 0
342 1 0
343 0 0
344 0 0
345 1 0
346 1 0
347 0 0
348 1 0
349 0 0
350 0 0
401 0 0
402 1 1
403 0 0
404 1 0
405 0 1
406 0 0
407 1 0
408 1 0
409 1 1
410 0 0
411 1 0
412 1 0
413 0 0
414 0 1
415 1 1
416 1 1
417 1 0
418 1 0
419 0 0
420 0 1
421 0 1
422 1 1
423 1 0
424 1 0
425 1 0
426 1 0
427 1 0
428 1 1
429 0 0
430 0 0
431 0 1
432 1 0
433 1 1
434 0 1
435 1 1
436 1 0
437 1 0
438 0 0
439 1 0
440 1 0
441 1 1
442 1 0
443 1 0
444 1 0
445 1 0
446 1 0
447 1 0
448 1 0
449 1 0
450 1 0
501 1 0
502 1 1
503 1 0
504 1 0
505 1 1
506 1 1
507 1 0
508 1 0
509 1 0
510 1 1
511 1 1
512 1 0
513 1 1
514 1 1
515 1 0
516 1 0
517 1 0
518 1 0
519 1 0
520 1 1
521 1 0
522 1 0
523 1 0
524 1 0
525 1 1
526 1 0
527 1 1
528 1 1
529 1 1
530 1 1
531 1 0
532 1 0
533 1 0
534 1 1
535 1 0
536 1 0
537 1 1
538 1 0
539 1 0
540 1 0
541 1 0
542 1 0
543 1 0
544 1 0
545 1 0
546 1 0
547 1 0
548 1 0
549 1 0
550 1 0
601 1 0
602 1 1
603 1 0
604 1 1
605 1 1
606 1 0
607 1 0
608 1 1
609 1 1
610 1 1
611 1 1
612 1 0
613 1 1
614 1 0
615 1 1
616 1 0
617 1 0
618 1 0
619 1 1
620 1 0
621 1 0
622 1 0
623 1 0
624 1 0
625 1 0
626 1 1
627 1 0
628 1 0
629 1 0
630 1 0
631 1 1
632 1 0
633 1 0
634 1 0
635 1 0
636 1 1
637 1 0
638 1 1
639 1 0
640 1 1
641 1 0
642 1 0
643 1 0
644 1 0
645 1 0
646 1 0
647 1 0
648 1 0
649 1 0
650 1 0
