221 0 0
323 0 0
335 0 0
141 0 0
133 0 0
222 0 0
210 0 0
314 0 0

105 1 0
106 1 1
109 1 1
110 0 1
112 1 1
113 1 0
115 0 1
116 0 1
118 1 0
130 0 0
133 0 0
136 0 0
141 0 0
201 0 1
204 1 1
205 0 0
208 1 1
210 0 0
218 1 1
221 0 0
222 0 0
229 1 1
230 0 1
231 1 0
235 1 0
236 1 0
239 0 0
241 1 0
242 0 0
247 1 0
248 1 0
302 1 1
304 1 0
306 1 1
308 1 1
313 0 0
314 0 0
319 0 0
320 1 1
323 0 0
324 1 1
326 1 0
331 0 1
335 0 0
343 0 0
345 1 0
346 1 0
349 0 0
402 1 1
404 1 0
406 0 0
408 1 0
412 1 0
418 1 0
420 0 1
431 0 1
432 1 0
433 1 1
434 0 1
436 1 0
440 1 0
441 1 1
442 1 0
443 1 0
444 1 0
448 1 0
450 1 0
508 1 0
514 1 1
515 1 0
518 1 0
523 1 0
530 1 1
531 1 0
535 1 0
536 1 0
538 1 0
545 1 0
547 1 0
601 1 0
608 1 1
610 1 1
612 1 0
618 1 0
627 1 0
629 1 0
636 1 1
637 1 0
649 1 0
650 1 0
