232 0 0
213 0 0
347 0 0
239 0 0
205 0 0
141 0 0
222 0 0
406 0 0

103 1 0
105 1 0
106 1 1
111 0 1
119 0 0
131 1 0
132 0 0
134 0 0
138 0 0
141 0 0
145 1 0
150 0 0
202 0 1
205 0 0
211 0 0
213 0 0
217 1 0
218 1 1
222 0 0
223 0 1
224 0 0
227 1 1
228 0 1
229 1 1
232 0 0
235 1 0
236 1 0
239 0 0
240 0 0
246 1 0
249 1 0
311 1 0
314 0 0
315 1 0
330 1 0
342 1 0
345 1 0
347 0 0
348 1 0
405 0 1
406 0 0
411 1 0
416 1 1
419 0 0
423 1 0
425 1 0
427 1 0
431 0 1
435 1 1
436 1 0
437 1 0
441 1 1
444 1 0
447 1 0
449 1 0
501 1 0
509 1 0
510 1 1
512 1 0
518 1 0
519 1 0
526 1 0
529 1 1
531 1 0
532 1 0
536 1 0
537 1 1
538 1 0
539 1 0
540 1 0
542 1 0
548 1 0
601 1 0
602 1 1
606 1 0
607 1 0
615 1 1
619 1 1
620 1 0
626 1 1
628 1 0
629 1 0
634 1 0
637 1 0
638 1 1
640 1 1
643 1 0
644 1 0
646 1 0
647 1 0
