338 0 0
220 0 0
107 0 0
215 0 0
132 0 0
149 0 0
325 0 0
403 0 0

101 1 0
102 1 1
107 0 0
110 0 1
111 0 1
112 1 1
116 0 1
121 0 0
125 0 1
126 1 0
128 0 1
130 0 0
132 0 0
136 0 0
137 0 0
144 1 0
146 1 0
149 0 0
202 0 1
214 1 1
215 0 0
216 1 0
218 1 1
220 0 0
225 1 0
230 0 1
232 0 0
233 1 0
235 1 0
239 0 0
245 0 0
247 1 0
248 1 0
305 1 1
306 1 1
311 1 0
317 1 1
321 0 1
325 0 0
326 1 0
329 0 1
338 0 0
345 1 0
348 1 0
403 0 0
406 0 0
409 1 1
411 1 0
413 0 0
414 0 1
416 1 1
418 1 0
419 0 0
420 0 1
423 1 0
424 1 0
426 1 0
429 0 0
436 1 0
439 1 0
442 1 0
446 1 0
450 1 0
501 1 0
504 1 0
508 1 0
513 1 1
519 1 0
524 1 0
531 1 0
536 1 0
540 1 0
541 1 0
543 1 0
548 1 0
550 1 0
601 1 0
608 1 1
611 1 1
614 1 0
615 1 1
617 1 0
621 1 0
624 1 0
626 1 1
627 1 0
631 1 1
632 1 0
633 1 0
645 1 0
