133 0 0
429 0 0
250 0 0
341 0 0
135 0 0
343 0 0
207 0 0
242 0 0

104 1 0
106 1 1
111 0 1
117 0 1
121 0 0
129 0 0
132 0 0
133 0 0
134 0 0
135 0 0
148 0 0
201 0 1
202 0 1
207 0 0
209 1 1
211 0 0
216 1 0
218 1 1
219 1 1
221 0 0
223 0 1
231 1 0
237 1 0
242 0 0
245 0 0
247 1 0
248 1 0
250 0 0
304 1 0
305 1 1
306 1 1
310 1 1
314 0 0
319 0 0
328 1 1
329 0 1
331 0 1
336 0 0
341 0 0
343 0 0
345 1 0
348 1 0
349 0 0
407 1 0
408 1 0
409 1 1
414 0 1
417 1 0
419 0 0
425 1 0
426 1 0
427 1 0
429 0 0
431 0 1
433 1 1
444 1 0
446 1 0
447 1 0
507 1 0
512 1 0
514 1 1
521 1 0
523 1 0
524 1 0
529 1 1
530 1 1
531 1 0
532 1 0
533 1 0
534 1 1
536 1 0
537 1 1
540 1 0
548 1 0
601 1 0
602 1 1
607 1 0
615 1 1
619 1 1
620 1 0
624 1 0
626 1 1
629 1 0
632 1 0
633 1 0
634 1 0
636 1 1
639 1 0
643 1 0
645 1 0
