344 0 0
238 0 0
203 0 0
401 0 0
318 0 0
136 0 0
312 0 0
316 0 0

103 1 0
104 1 0
106 1 1
108 1 1
109 1 1
124 1 1
127 0 0
132 0 0
136 0 0
203 0 0
204 1 1
209 1 1
211 0 0
212 0 0
215 0 0
218 1 1
225 1 0
229 1 1
233 1 0
237 1 0
238 0 0
244 0 0
246 1 0
248 1 0
249 1 0
304 1 0
305 1 1
306 1 1
310 1 1
312 0 0
316 0 0
318 0 0
321 0 1
322 0 1
323 0 0
328 1 1
331 0 1
338 0 0
344 0 0
401 0 0
404 1 0
405 0 1
408 1 0
411 1 0
414 0 1
418 1 0
419 0 0
421 0 1
427 1 0
433 1 1
434 0 1
435 1 1
437 1 0
441 1 1
442 1 0
444 1 0
445 1 0
448 1 0
450 1 0
501 1 0
506 1 1
507 1 0
511 1 1
513 1 1
514 1 1
516 1 0
523 1 0
524 1 0
526 1 0
528 1 1
529 1 1
530 1 1
539 1 0
540 1 0
544 1 0
546 1 0
548 1 0
550 1 0
604 1 1
615 1 1
617 1 0
624 1 0
629 1 0
630 1 0
631 1 1
633 1 0
637 1 0
638 1 1
639 1 0
649 1 0
