105 1 1 1 1 1 1 1 1 1 1 1 1 1 1 1 1 1 1 1 1
106 1 1 1 1 1 1 1 1 1 1 1 1 1 1 1 1 1 1 1 1
109 1 1 1 1 1 1 1 1 1 1 1 1 1 1 1 1 1 1 1 1
110 1 1 1 1 1 1 1 1 1 1 1 1 1 1 1 1 1 1 1 1
112 1 1 1 1 1 1 1 1 1 1 1 1 1 1 1 1 1 1 1 1
113 1 1 1 1 1 1 1 1 1 1 1 1 1 1 1 1 1 1 1 1
115 1 1 1 1 1 1 1 1 1 1 1 1 1 1 1 1 1 1 1 1
116 1 1 1 1 1 1 1 1 1 1 1 1 1 1 1 1 1 1 1 1
118 1 1 1 1 1 1 1 1 1 1 1 1 1 1 1 1 1 1 1 1
130 1 1 1 1 1 1 1 1 1 1 1 1 1 1 1 1 1 1 1 1
133 0 0 1 0 0 0 0 1 0 0 0 0 0 1 0 0 1 0 0 0
136 1 1 1 1 1 1 1 1 1 1 1 0 1 1 1 1 1 1 1 1
141 0 0 1 0 0 0 0 0 1 1 0 0 0 0 0 0 1 0 0 0
201 1 1 1 1 1 1 1 1 1 1 1 1 1 1 1 1 1 1 1 1
204 1 1 1 1 1 1 1 1 1 1 1 1 1 1 1 1 1 1 1 1
205 1 1 1 1 1 1 1 1 1 1 1 1 1 1 1 1 1 1 1 1
208 1 1 1 1 1 1 1 1 1 1 1 1 1 1 1 1 1 1 1 1
210 0 0 0 0 0 0 0 1 0 0 0 0 0 0 1 1 0 0 1 0
218 1 1 1 1 1 1 1 1 1 1 1 1 1 1 1 1 1 1 1 1
221 0 0 1 0 0 0 0 0 0 1 0 0 0 1 0 0 0 0 0 1
222 0 0 0 0 0 0 1 0 0 1 0 0 0 1 0 0 1 0 0 0
229 1 1 1 1 1 1 1 1 1 1 1 1 1 1 1 1 1 1 1 1
230 1 1 1 1 1 1 1 1 1 1 1 1 1 1 1 1 1 1 1 1
231 1 1 1 1 1 1 1 1 1 1 1 1 1 1 1 1 1 1 1 1
235 1 1 1 1 1 1 1 1 1 1 1 1 1 1 1 1 1 1 1 1
236 1 1 1 1 1 1 1 1 1 1 1 1 1 1 1 1 1 1 1 1
239 1 1 1 1 1 1 1 1 1 1 1 1 1 1 1 1 1 1 1 1
241 1 1 1 1 1 1 1 1 1 1 1 1 1 1 1 1 1 1 1 1
242 0 1 1 1 1 1 1 1 1 1 1 1 1 1 1 1 1 1 1 1
247 1 1 1 1 1 1 1 1 1 1 1 1 1 1 1 1 1 1 1 1
248 1 1 1 1 1 1 1 1 1 1 1 1 1 1 1 1 1 1 1 1
302 1 1 1 1 1 1 1 1 1 1 1 1 1 1 1 1 1 1 1 1
304 1 1 1 1 1 1 1 1 1 1 1 1 1 1 1 1 1 1 1 1
306 1 1 1 1 1 1 1 1 1 1 1 1 1 1 1 1 1 1 1 1
308 1 1 1 1 1 1 1 1 1 1 1 1 1 1 1 1 1 1 1 1
313 1 0 1 1 1 1 1 1 1 1 1 1 1 1 1 1 1 1 1 1
314 1 0 0 1 0 0 0 0 0 0 0 0 0 0 0 1 1 0 0 0
319 1 1 1 1 1 1 1 1 1 0 1 1 1 1 1 1 1 1 1 1
320 1 1 1 1 1 1 1 1 1 1 1 1 1 1 1 1 1 1 1 1
323 1 1 0 0 0 1 0 0 0 0 0 0 0 0 0 0 1 0 0 0
324 1 1 1 1 1 1 1 1 1 1 1 1 1 1 1 1 1 1 1 1
326 1 1 1 1 1 1 1 1 1 1 1 1 1 1 1 1 1 1 1 1
331 1 1 1 1 1 1 1 1 1 1 1 1 1 1 1 1 1 1 1 1
335 0 0 0 0 1 0 0 0 0 1 0 0 0 1 0 0 0 0 0 1
343 1 1 1 1 1 1 1 1 1 1 1 1 1 1 1 1 1 1 1 0
345 1 1 1 1 1 1 1 1 1 1 1 1 1 1 1 1 1 1 1 1
346 1 1 1 1 1 1 1 1 1 1 1 1 1 1 1 1 1 1 1 1
349 1 1 1 1 1 1 1 1 1 1 1 1 1 1 1 1 1 1 1 1
402 1 1 1 1 1 1 1 1 1 1 1 1 1 1 1 1 1 1 1 1
404 1 1 1 1 1 1 1 1 1 1 1 1 1 1 1 1 1 1 1 1
406 1 1 1 1 1 1 1 1 1 1 1 1 1 1 1 1 1 1 1 1
408 1 1 1 1 1 1 1 1 1 1 1 1 1 1 1 1 1 1 1 1
412 1 1 1 1 1 1 1 1 1 1 1 1 1 1 1 1 1 1 1 1
418 1 1 1 1 1 1 1 1 1 1 1 1 1 1 1 1 1 1 1 1
420 1 1 1 1 1 1 1 1 1 1 1 1 1 1 1 1 1 1 1 1
431 1 1 1 1 1 1 1 1 1 1 1 1 1 1 1 1 1 1 1 1
432 1 1 1 1 1 1 1 1 1 1 1 1 1 1 1 1 1 1 1 1
433 1 1 1 1 1 1 1 1 1 1 1 1 1 1 1 1 1 1 1 1
434 1 1 1 1 1 1 1 1 1 1 1 1 1 1 1 1 1 1 1 1
436 1 1 1 1 1 1 1 1 1 1 1 1 1 1 1 1 1 1 1 1
440 1 1 1 1 1 1 1 1 1 1 1 1 1 1 1 1 1 1 1 1
441 1 1 1 1 1 1 1 1 1 1 1 1 1 1 1 1 1 1 1 1
442 1 1 1 1 1 1 1 1 1 1 1 1 1 1 1 1 1 1 1 1
443 1 1 1 1 1 1 1 1 1 1 1 1 1 1 1 1 1 1 1 1
444 1 1 1 1 1 1 1 1 1 1 1 1 1 1 1 1 1 1 1 1
448 1 1 1 1 1 1 1 1 1 1 1 1 1 1 1 1 1 1 1 1
450 1 1 1 1 1 1 1 1 1 1 1 1 1 1 1 1 1 1 1 1
508 1 1 1 1 1 1 1 1 1 1 1 1 1 1 1 1 1 1 1 1
514 1 1 1 1 1 1 1 1 1 1 1 1 1 1 1 1 1 1 1 1
515 1 1 1 1 1 1 1 1 1 1 1 1 1 1 1 1 1 1 1 1
518 1 1 1 1 1 1 1 1 1 1 1 1 1 1 1 1 1 1 1 1
523 1 1 1 1 1 1 1 1 1 1 1 1 1 1 1 1 1 1 1 1
530 1 1 1 1 1 1 1 1 1 1 1 1 1 1 1 1 1 1 1 1
531 1 1 1 1 1 1 1 1 1 1 1 1 1 1 1 1 1 1 1 1
535 1 1 1 1 1 1 1 1 1 1 1 1 1 1 1 1 1 1 1 1
536 1 1 1 1 1 1 1 1 1 1 1 1 1 1 1 1 1 1 1 1
538 1 1 1 1 1 1 1 1 1 1 1 1 1 1 1 1 1 1 1 1
545 1 1 1 1 1 1 1 1 1 1 1 1 1 1 1 1 1 1 1 1
547 1 1 1 1 1 1 1 1 1 1 1 1 1 1 1 1 1 1 1 1
601 1 1 1 1 1 1 1 1 1 1 1 1 1 1 1 1 1 1 1 1
608 1 1 1 1 1 1 1 1 1 1 1 1 1 1 1 1 1 1 1 1
610 1 1 1 1 1 1 1 1 1 1 1 1 1 1 1 1 1 1 1 1
612 1 1 1 1 1 1 1 1 1 1 1 1 1 1 1 1 1 1 1 1
618 1 1 1 1 1 1 1 1 1 1 1 1 1 1 1 1 1 1 1 1
627 1 1 1 1 1 1 1 1 1 1 1 1 1 1 1 1 1 1 1 1
629 1 1 1 1 1 1 1 1 1 1 1 1 1 1 1 1 1 1 1 1
636 1 1 1 1 1 1 1 1 1 1 1 1 1 1 1 1 1 1 1 1
637 1 1 1 1 1 1 1 1 1 1 1 1 1 1 1 1 1 1 1 1
649 1 1 1 1 1 1 1 1 1 1 1 1 1 1 1 1 1 1 1 1
650 1 1 1 1 1 1 1 1 1 1 1 1 1 1 1 1 1 1 1 1
