104 1 1 1 1 1 1 1 1 1 1 1 1 1 1 1 1 1 1 1 1
106 1 1 1 1 1 1 1 1 1 1 1 1 1 1 1 1 1 1 1 1
111 1 1 1 1 1 1 1 1 1 1 1 1 1 1 1 1 1 1 1 1
117 1 1 1 1 1 1 1 1 1 1 1 1 1 1 1 1 1 1 1 1
121 1 1 1 1 1 1 1 1 1 1 1 1 1 1 1 1 1 1 1 1
129 1 1 1 1 1 1 1 1 1 1 1 1 1 1 1 1 1 1 1 1
132 1 1 1 1 1 1 1 1 1 1 1 1 1 1 1 1 1 1 1 1
133 0 0 0 1 0 0 0 0 1 0 0 0 0 0 1 0 0 0 0 1
134 1 1 1 1 1 1 1 1 1 1 1 1 1 1 1 1 1 1 1 1
135 0 0 0 1 0 1 1 0 0 0 0 0 0 0 0 0 0 0 0 1
148 1 1 1 1 1 1 1 1 1 1 1 1 1 1 1 1 1 1 1 1
201 1 1 1 1 1 1 1 1 1 1 1 1 1 1 1 1 1 1 1 1
202 1 1 1 1 1 1 1 1 1 1 1 1 1 1 1 1 1 1 1 1
207 1 0 0 1 1 0 0 0 0 1 0 0 0 0 0 0 0 0 0 0
209 1 1 1 1 1 1 1 1 1 1 1 1 1 1 1 1 1 1 1 1
211 1 1 1 1 1 1 1 1 1 1 1 1 1 1 1 1 1 1 1 1
216 1 1 1 1 1 1 1 1 1 1 1 1 1 1 1 1 1 1 1 1
218 1 1 1 1 1 1 1 1 1 1 1 1 1 1 1 1 1 1 1 1
219 1 1 1 1 1 1 1 1 1 1 1 1 1 1 1 1 1 1 1 1
221 1 1 1 1 1 1 1 1 1 1 1 1 1 1 1 1 1 1 1 1
223 1 1 1 1 1 1 1 1 1 1 1 1 1 1 1 1 1 1 1 1
231 1 1 1 1 1 1 1 1 1 1 1 1 1 1 1 1 1 1 1 1
237 1 1 1 1 1 1 1 1 1 1 1 1 1 1 1 1 1 1 1 1
242 0 1 0 0 1 0 0 0 0 0 0 0 0 1 0 0 0 0 0 1
245 1 1 1 0 1 1 1 1 1 1 1 1 1 1 1 1 1 1 1 1
247 1 1 1 1 1 1 1 1 1 1 1 1 1 1 1 1 1 1 1 1
248 1 1 1 1 1 1 1 1 1 1 1 1 1 1 1 1 1 1 1 1
250 0 1 0 0 0 0 0 0 0 0 1 1 0 0 1 0 0 0 0 0
304 1 1 1 1 1 1 1 1 1 1 1 1 1 1 1 1 1 1 1 1
305 1 1 1 1 1 1 1 1 1 1 1 1 1 1 1 1 1 1 1 1
306 1 1 1 1 1 1 1 1 1 1 1 1 1 1 1 1 1 1 1 1
310 1 1 1 1 1 1 1 1 1 1 1 1 1 1 1 1 1 1 1 1
314 1 1 1 1 1 1 1 1 1 1 1 1 1 1 1 1 1 1 1 1
319 1 1 1 1 1 1 1 1 1 1 0 1 1 1 1 1 1 1 1 1
328 1 1 1 1 1 1 1 1 1 1 1 1 1 1 1 1 1 1 1 1
329 1 1 1 1 1 1 1 1 1 1 1 1 1 1 1 1 1 1 1 1
331 1 1 1 1 1 1 1 1 1 1 1 1 1 1 1 1 1 1 1 1
336 1 1 1 1 1 1 1 1 1 1 1 0 1 1 1 1 1 1 1 1
341 0 0 1 0 0 0 0 0 0 1 0 0 0 1 0 1 0 0 0 0
343 0 0 0 0 0 0 0 1 0 1 0 0 0 0 0 0 1 0 1 0
345 1 1 1 1 1 1 1 1 1 1 1 1 1 1 1 1 1 1 1 1
348 1 1 1 1 1 1 1 1 1 1 1 1 1 1 1 1 1 1 1 1
349 1 1 1 1 1 1 1 1 1 1 1 1 1 1 1 1 1 1 1 1
407 1 1 1 1 1 1 1 1 1 1 1 1 1 1 1 1 1 1 1 1
408 1 1 1 1 1 1 1 1 1 1 1 1 1 1 1 1 1 1 1 1
409 1 1 1 1 1 1 1 1 1 1 1 1 1 1 1 1 1 1 1 1
414 1 1 1 1 1 1 1 1 1 1 1 1 1 1 1 1 1 1 1 1
417 1 1 1 1 1 1 1 1 1 1 1 1 1 1 1 1 1 1 1 1
419 1 1 1 1 1 1 1 1 1 1 1 1 0 1 1 1 1 1 1 1
425 1 1 1 1 1 1 1 1 1 1 1 1 1 1 1 1 1 1 1 1
426 1 1 1 1 1 1 1 1 1 1 1 1 1 1 1 1 1 1 1 1
427 1 1 1 1 1 1 1 1 1 1 1 1 1 1 1 1 1 1 1 1
429 0 0 0 0 0 0 0 1 1 0 0 1 0 0 0 0 0 1 0 0
431 1 1 1 1 1 1 1 1 1 1 1 1 1 1 1 1 1 1 1 1
433 1 1 1 1 1 1 1 1 1 1 1 1 1 1 1 1 1 1 1 1
444 1 1 1 1 1 1 1 1 1 1 1 1 1 1 1 1 1 1 1 1
446 1 1 1 1 1 1 1 1 1 1 1 1 1 1 1 1 1 1 1 1
447 1 1 1 1 1 1 1 1 1 1 1 1 1 1 1 1 1 1 1 1
507 1 1 1 1 1 1 1 1 1 1 1 1 1 1 1 1 1 1 1 1
512 1 1 1 1 1 1 1 1 1 1 1 1 1 1 1 1 1 1 1 1
514 1 1 1 1 1 1 1 1 1 1 1 1 1 1 1 1 1 1 1 1
521 1 1 1 1 1 1 1 1 1 1 1 1 1 1 1 1 1 1 1 1
523 1 1 1 1 1 1 1 1 1 1 1 1 1 1 1 1 1 1 1 1
524 1 1 1 1 1 1 1 1 1 1 1 1 1 1 1 1 1 1 1 1
529 1 1 1 1 1 1 1 1 1 1 1 1 1 1 1 1 1 1 1 1
530 1 1 1 1 1 1 1 1 1 1 1 1 1 1 1 1 1 1 1 1
531 1 1 1 1 1 1 1 1 1 1 1 1 1 1 1 1 1 1 1 1
532 1 1 1 1 1 1 1 1 1 1 1 1 1 1 1 1 1 1 1 1
533 1 1 1 1 1 1 1 1 1 1 1 1 1 1 1 1 1 1 1 1
534 1 1 1 1 1 1 1 1 1 1 1 1 1 1 1 1 1 1 1 1
536 1 1 1 1 1 1 1 1 1 1 1 1 1 1 1 1 1 1 1 1
537 1 1 1 1 1 1 1 1 1 1 1 1 1 1 1 1 1 1 1 1
540 1 1 1 1 1 1 1 1 1 1 1 1 1 1 1 1 1 1 1 1
548 1 1 1 1 1 1 1 1 1 1 1 1 1 1 1 1 1 1 1 1
601 1 1 1 1 1 1 1 1 1 1 1 1 1 1 1 1 1 1 1 1
602 1 1 1 1 1 1 1 1 1 1 1 1 1 1 1 1 1 1 1 1
607 1 1 1 1 1 1 1 1 1 1 1 1 1 1 1 1 1 1 1 1
615 1 1 1 1 1 1 1 1 1 1 1 1 1 1 1 1 1 1 1 1
619 1 1 1 1 1 1 1 1 1 1 1 1 1 1 1 1 1 1 1 1
620 1 1 1 1 1 1 1 1 1 1 1 1 1 1 1 1 1 1 1 1
624 1 1 1 1 1 1 1 1 1 1 1 1 1 1 1 1 1 1 1 1
626 1 1 1 1 1 1 1 1 1 1 1 1 1 1 1 1 1 1 1 1
629 1 1 1 1 1 1 1 1 1 1 1 1 1 1 1 1 1 1 1 1
632 1 1 1 1 1 1 1 1 1 1 1 1 1 1 1 1 1 1 1 1
633 1 1 1 1 1 1 1 1 1 1 1 1 1 1 1 1 1 1 1 1
634 1 1 1 1 1 1 1 1 1 1 1 1 1 1 1 1 1 1 1 1
636 1 1 1 1 1 1 1 1 1 1 1 1 1 1 1 1 1 1 1 1
639 1 1 1 1 1 1 1 1 1 1 1 1 1 1 1 1 1 1 1 1
643 1 1 1 1 1 1 1 1 1 1 1 1 1 1 1 1 1 1 1 1
645 1 1 1 1 1 1 1 1 1 1 1 1 1 1 1 1 1 1 1 1
