103 1 1 1 1 1 1 1 1 1 1 1 1 1 1 1 1 1 1 1 1
104 1 1 1 1 1 1 1 1 1 1 1 1 1 1 1 1 1 1 1 1
106 1 1 1 1 1 1 1 1 1 1 1 1 1 1 1 1 1 1 1 1
108 1 1 1 1 1 1 1 1 1 1 1 1 1 1 1 1 1 1 1 1
109 1 1 1 1 1 1 1 1 1 1 1 1 1 1 1 1 1 1 1 1
124 1 1 1 1 1 1 1 1 1 1 1 1 1 1 1 1 1 1 1 1
127 1 1 1 1 1 0 1 1 1 1 1 1 1 1 1 1 1 1 1 1
132 1 1 1 1 1 1 1 1 1 1 1 1 1 1 1 1 1 1 1 1
136 0 1 0 1 0 0 0 0 0 1 0 0 0 0 0 0 0 0 0 1
203 0 0 1 0 0 0 0 1 0 0 0 1 0 0 0 0 0 0 1 0
204 1 1 1 1 1 1 1 1 1 1 1 1 1 1 1 1 1 1 1 1
209 1 1 1 1 1 1 1 1 1 1 1 1 1 1 1 1 1 1 1 1
211 1 1 1 1 1 1 1 1 1 1 1 1 1 0 1 1 1 1 1 1
212 1 1 1 1 1 1 1 1 1 1 1 1 1 1 1 1 1 1 1 1
215 1 1 1 1 1 1 1 1 0 1 1 1 1 1 1 1 1 1 1 1
218 1 1 1 1 1 1 1 1 1 1 1 1 1 1 1 1 1 1 1 1
225 1 1 1 1 1 1 1 1 1 1 1 1 1 1 1 1 1 1 1 1
229 1 1 1 1 1 1 1 1 1 1 1 1 1 1 1 1 1 1 1 1
233 1 1 1 1 1 1 1 1 1 1 1 1 1 1 1 1 1 1 1 1
237 1 1 1 1 1 1 1 1 1 1 1 1 1 1 1 1 1 1 1 1
238 0 0 0 0 0 0 0 1 0 0 1 1 1 0 0 0 0 0 0 0
244 1 1 1 1 1 1 1 1 1 1 1 1 1 1 1 1 1 1 1 1
246 1 1 1 1 1 1 1 1 1 1 1 1 1 1 1 1 1 1 1 1
248 1 1 1 1 1 1 1 1 1 1 1 1 1 1 1 1 1 1 1 1
249 1 1 1 1 1 1 1 1 1 1 1 1 1 1 1 1 1 1 1 1
304 1 1 1 1 1 1 1 1 1 1 1 1 1 1 1 1 1 1 1 1
305 1 1 1 1 1 1 1 1 1 1 1 1 1 1 1 1 1 1 1 1
306 1 1 1 1 1 1 1 1 1 1 1 1 1 1 1 1 1 1 1 1
310 1 1 1 1 1 1 1 1 1 1 1 1 1 1 1 1 1 1 1 1
312 0 0 0 1 0 0 1 0 1 0 0 0 0 1 0 0 0 0 0 0
316 1 0 0 0 0 0 1 0 0 0 0 0 0 0 0 0 0 1 1 0
318 1 0 0 0 0 0 1 0 0 0 1 0 1 0 0 0 0 0 0 0
321 1 1 1 1 1 1 1 1 1 1 1 1 1 1 1 1 1 1 1 1
322 1 1 1 1 1 1 1 1 1 1 1 1 1 1 1 1 1 1 1 1
323 1 1 1 1 1 1 1 1 1 1 1 1 1 1 1 1 1 1 1 1
328 1 1 1 1 1 1 1 1 1 1 1 1 1 1 1 1 1 1 1 1
331 1 1 1 1 1 1 1 1 1 1 1 1 1 1 1 1 1 1 1 1
338 1 1 1 1 0 1 1 1 1 1 1 1 1 1 1 1 1 1 1 1
344 0 0 0 0 1 0 0 0 0 0 0 0 0 0 0 1 0 0 1 1
401 0 0 0 1 0 0 0 0 0 1 0 0 0 0 0 0 1 1 0 0
404 1 1 1 1 1 1 1 1 1 1 1 1 1 1 1 1 1 1 1 1
405 1 1 1 1 1 1 1 1 1 1 1 1 1 1 1 1 1 1 1 1
408 1 1 1 1 1 1 1 1 1 1 1 1 1 1 1 1 1 1 1 1
411 1 1 1 1 1 1 1 1 1 1 1 1 1 1 1 1 1 1 1 1
414 1 1 1 1 1 1 1 1 1 1 1 1 1 1 1 1 1 1 1 1
418 1 1 1 1 1 1 1 1 1 1 1 1 1 1 1 1 1 1 1 1
419 1 1 1 1 1 1 1 1 1 1 1 1 1 1 1 1 1 1 1 1
421 1 1 1 1 1 1 1 1 1 1 1 1 1 1 1 1 1 1 1 1
427 1 1 1 1 1 1 1 1 1 1 1 1 1 1 1 1 1 1 1 1
433 1 1 1 1 1 1 1 1 1 1 1 1 1 1 1 1 1 1 1 1
434 1 1 1 1 1 1 1 1 1 1 1 1 1 1 1 1 1 1 1 1
435 1 1 1 1 1 1 1 1 1 1 1 1 1 1 1 1 1 1 1 1
437 1 1 1 1 1 1 1 1 1 1 1 1 1 1 1 1 1 1 1 1
441 1 1 1 1 1 1 1 1 1 1 1 1 1 1 1 1 1 1 1 1
442 1 1 1 1 1 1 1 1 1 1 1 1 1 1 1 1 1 1 1 1
444 1 1 1 1 1 1 1 1 1 1 1 1 1 1 1 1 1 1 1 1
445 1 1 1 1 1 1 1 1 1 1 1 1 1 1 1 1 1 1 1 1
448 1 1 1 1 1 1 1 1 1 1 1 1 1 1 1 1 1 1 1 1
450 1 1 1 1 1 1 1 1 1 1 1 1 1 1 1 1 1 1 1 1
501 1 1 1 1 1 1 1 1 1 1 1 1 1 1 1 1 1 1 1 1
506 1 1 1 1 1 1 1 1 1 1 1 1 1 1 1 1 1 1 1 1
507 1 1 1 1 1 1 1 1 1 1 1 1 1 1 1 1 1 1 1 1
511 1 1 1 1 1 1 1 1 1 1 1 1 1 1 1 1 1 1 1 1
513 1 1 1 1 1 1 1 1 1 1 1 1 1 1 1 1 1 1 1 1
514 1 1 1 1 1 1 1 1 1 1 1 1 1 1 1 1 1 1 1 1
516 1 1 1 1 1 1 1 1 1 1 1 1 1 1 1 1 1 1 1 1
523 1 1 1 1 1 1 1 1 1 1 1 1 1 1 1 1 1 1 1 1
524 1 1 1 1 1 1 1 1 1 1 1 1 1 1 1 1 1 1 1 1
526 1 1 1 1 1 1 1 1 1 1 1 1 1 1 1 1 1 1 1 1
528 1 1 1 1 1 1 1 1 1 1 1 1 1 1 1 1 1 1 1 1
529 1 1 1 1 1 1 1 1 1 1 1 1 1 1 1 1 1 1 1 1
530 1 1 1 1 1 1 1 1 1 1 1 1 1 1 1 1 1 1 1 1
539 1 1 1 1 1 1 1 1 1 1 1 1 1 1 1 1 1 1 1 1
540 1 1 1 1 1 1 1 1 1 1 1 1 1 1 1 1 1 1 1 1
544 1 1 1 1 1 1 1 1 1 1 1 1 1 1 1 1 1 1 1 1
546 1 1 1 1 1 1 1 1 1 1 1 1 1 1 1 1 1 1 1 1
548 1 1 1 1 1 1 1 1 1 1 1 1 1 1 1 1 1 1 1 1
550 1 1 1 1 1 1 1 1 1 1 1 1 1 1 1 1 1 1 1 1
604 1 1 1 1 1 1 1 1 1 1 1 1 1 1 1 1 1 1 1 1
615 1 1 1 1 1 1 1 1 1 1 1 1 1 1 1 1 1 1 1 1
617 1 1 1 1 1 1 1 1 1 1 1 1 1 1 1 1 1 1 1 1
624 1 1 1 1 1 1 1 1 1 1 1 1 1 1 1 1 1 1 1 1
629 1 1 1 1 1 1 1 1 1 1 1 1 1 1 1 1 1 1 1 1
630 1 1 1 1 1 1 1 1 1 1 1 1 1 1 1 1 1 1 1 1
631 1 1 1 1 1 1 1 1 1 1 1 1 1 1 1 1 1 1 1 1
633 1 1 1 1 1 1 1 1 1 1 1 1 1 1 1 1 1 1 1 1
637 1 1 1 1 1 1 1 1 1 1 1 1 1 1 1 1 1 1 1 1
638 1 1 1 1 1 1 1 1 1 1 1 1 1 1 1 1 1 1 1 1
639 1 1 1 1 1 1 1 1 1 1 1 1 1 1 1 1 1 1 1 1
649 1 1 1 1 1 1 1 1 1 1 1 1 1 1 1 1 1 1 1 1
