105 1 1 1 1 1 1 1 1 1 1 1 1 1 1 1 1 1 1 1 1
109 1 1 1 1 1 1 1 1 1 1 1 1 1 1 1 1 1 1 1 1
110 1 1 1 1 1 1 1 1 1 1 1 1 1 1 1 1 1 1 1 1
112 1 1 1 1 1 1 1 1 1 1 1 1 1 1 1 1 1 1 1 1
114 1 1 1 1 1 1 1 1 1 1 1 1 1 1 1 1 1 1 1 1
115 1 1 1 1 1 1 1 1 1 1 1 1 1 1 1 1 1 1 1 1
123 1 1 1 1 1 1 1 1 1 1 1 1 1 1 1 1 1 1 1 1
124 1 1 1 1 1 1 1 1 1 1 1 1 1 1 1 1 1 1 1 1
125 1 1 1 1 1 1 1 1 1 1 1 1 1 1 1 1 1 1 1 1
129 1 1 1 1 1 1 1 1 1 1 1 1 1 1 1 1 1 1 1 0
139 1 1 1 1 1 1 1 1 1 1 0 1 1 1 1 1 1 1 1 1
143 1 1 1 1 1 1 1 1 1 1 1 1 1 1 1 1 1 1 1 1
207 0 0 1 0 0 0 0 0 1 0 0 0 0 1 1 0 0 0 0 0
213 0 1 0 0 0 0 0 1 1 0 0 0 0 0 0 0 0 1 0 0
215 1 1 1 1 1 1 1 1 1 1 1 1 1 1 1 1 1 1 1 1
219 1 1 1 1 1 1 1 1 1 1 1 1 1 1 1 1 1 1 1 1
221 1 1 1 1 1 1 0 1 1 1 1 1 1 1 1 1 1 1 1 1
223 1 1 1 1 1 1 1 1 1 1 1 1 1 1 1 1 1 1 1 1
224 1 1 1 1 1 1 1 1 1 1 1 1 1 1 1 1 1 1 1 1
225 1 1 1 1 1 1 1 1 1 1 1 1 1 1 1 1 1 1 1 1
227 1 1 1 1 1 1 1 1 1 1 1 1 1 1 1 1 1 1 1 1
228 1 1 1 1 1 1 1 1 1 1 1 1 1 1 1 1 1 1 1 1
230 1 1 1 1 1 1 1 1 1 1 1 1 1 1 1 1 1 1 1 1
231 1 1 1 1 1 1 1 1 1 1 1 1 1 1 1 1 1 1 1 1
232 1 0 0 0 1 0 0 0 0 1 0 0 1 0 0 0 0 0 0 0
235 1 1 1 1 1 1 1 1 1 1 1 1 1 1 1 1 1 1 1 1
242 0 0 1 0 1 0 0 0 0 1 0 0 0 0 0 1 0 0 0 0
245 1 1 1 1 1 1 1 1 1 1 1 1 1 0 1 1 1 1 1 1
249 1 1 1 1 1 1 1 1 1 1 1 1 1 1 1 1 1 1 1 1
304 1 1 1 1 1 1 1 1 1 1 1 1 1 1 1 1 1 1 1 1
307 1 1 1 1 1 1 1 1 1 1 1 1 1 1 1 1 1 1 1 1
313 0 0 0 0 0 0 0 1 0 0 0 1 0 1 0 1 0 0 0 0
319 1 1 1 1 1 1 1 1 1 1 1 1 1 1 1 1 1 1 1 1
325 1 1 1 1 1 1 1 1 1 1 1 1 1 1 0 1 1 1 1 1
326 1 1 1 1 1 1 1 1 1 1 1 1 1 1 1 1 1 1 1 1
330 1 1 1 1 1 1 1 1 1 1 1 1 1 1 1 1 1 1 1 1
331 1 1 1 1 1 1 1 1 1 1 1 1 1 1 1 1 1 1 1 1
332 1 1 1 1 1 1 1 1 1 1 1 1 1 1 1 1 1 1 1 1
333 1 1 1 1 1 1 1 1 1 1 1 1 1 1 1 1 1 1 1 1
336 1 1 1 1 1 1 1 1 1 1 1 1 1 1 1 1 1 1 1 1
339 1 1 0 0 0 0 1 0 0 0 1 0 0 0 0 0 0 0 0 0
340 1 1 1 1 1 1 1 1 1 1 1 1 1 1 1 1 1 1 1 1
343 1 1 0 0 0 0 1 0 0 1 0 0 0 0 0 0 0 0 0 0
345 1 1 1 1 1 1 1 1 1 1 1 1 1 1 1 1 1 1 1 1
347 0 0 0 1 0 0 0 0 1 0 0 0 0 0 0 1 0 0 1 0
349 1 1 1 1 1 1 1 1 1 1 1 1 1 1 1 1 1 1 1 1
402 1 1 1 1 1 1 1 1 1 1 1 1 1 1 1 1 1 1 1 1
404 1 1 1 1 1 1 1 1 1 1 1 1 1 1 1 1 1 1 1 1
409 1 1 1 1 1 1 1 1 1 1 1 1 1 1 1 1 1 1 1 1
424 1 1 1 1 1 1 1 1 1 1 1 1 1 1 1 1 1 1 1 1
426 1 1 1 1 1 1 1 1 1 1 1 1 1 1 1 1 1 1 1 1
431 1 1 1 1 1 1 1 1 1 1 1 1 1 1 1 1 1 1 1 1
435 1 1 1 1 1 1 1 1 1 1 1 1 1 1 1 1 1 1 1 1
436 1 1 1 1 1 1 1 1 1 1 1 1 1 1 1 1 1 1 1 1
440 1 1 1 1 1 1 1 1 1 1 1 1 1 1 1 1 1 1 1 1
448 1 1 1 1 1 1 1 1 1 1 1 1 1 1 1 1 1 1 1 1
502 1 1 1 1 1 1 1 1 1 1 1 1 1 1 1 1 1 1 1 1
505 1 1 1 1 1 1 1 1 1 1 1 1 1 1 1 1 1 1 1 1
506 1 1 1 1 1 1 1 1 1 1 1 1 1 1 1 1 1 1 1 1
507 1 1 1 1 1 1 1 1 1 1 1 1 1 1 1 1 1 1 1 1
510 1 1 1 1 1 1 1 1 1 1 1 1 1 1 1 1 1 1 1 1
511 1 1 1 1 1 1 1 1 1 1 1 1 1 1 1 1 1 1 1 1
512 1 1 1 1 1 1 1 1 1 1 1 1 1 1 1 1 1 1 1 1
518 1 1 1 1 1 1 1 1 1 1 1 1 1 1 1 1 1 1 1 1
519 1 1 1 1 1 1 1 1 1 1 1 1 1 1 1 1 1 1 1 1
526 1 1 1 1 1 1 1 1 1 1 1 1 1 1 1 1 1 1 1 1
528 1 1 1 1 1 1 1 1 1 1 1 1 1 1 1 1 1 1 1 1
530 1 1 1 1 1 1 1 1 1 1 1 1 1 1 1 1 1 1 1 1
532 1 1 1 1 1 1 1 1 1 1 1 1 1 1 1 1 1 1 1 1
534 1 1 1 1 1 1 1 1 1 1 1 1 1 1 1 1 1 1 1 1
542 1 1 1 1 1 1 1 1 1 1 1 1 1 1 1 1 1 1 1 1
543 1 1 1 1 1 1 1 1 1 1 1 1 1 1 1 1 1 1 1 1
544 1 1 1 1 1 1 1 1 1 1 1 1 1 1 1 1 1 1 1 1
545 1 1 1 1 1 1 1 1 1 1 1 1 1 1 1 1 1 1 1 1
547 1 1 1 1 1 1 1 1 1 1 1 1 1 1 1 1 1 1 1 1
602 1 1 1 1 1 1 1 1 1 1 1 1 1 1 1 1 1 1 1 1
603 1 1 1 1 1 1 1 1 1 1 1 1 1 1 1 1 1 1 1 1
604 1 1 1 1 1 1 1 1 1 1 1 1 1 1 1 1 1 1 1 1
605 1 1 1 1 1 1 1 1 1 1 1 1 1 1 1 1 1 1 1 1
613 1 1 1 1 1 1 1 1 1 1 1 1 1 1 1 1 1 1 1 1
614 1 1 1 1 1 1 1 1 1 1 1 1 1 1 1 1 1 1 1 1
620 1 1 1 1 1 1 1 1 1 1 1 1 1 1 1 1 1 1 1 1
621 1 1 1 1 1 1 1 1 1 1 1 1 1 1 1 1 1 1 1 1
623 1 1 1 1 1 1 1 1 1 1 1 1 1 1 1 1 1 1 1 1
625 1 1 1 1 1 1 1 1 1 1 1 1 1 1 1 1 1 1 1 1
632 1 1 1 1 1 1 1 1 1 1 1 1 1 1 1 1 1 1 1 1
637 1 1 1 1 1 1 1 1 1 1 1 1 1 1 1 1 1 1 1 1
644 1 1 1 1 1 1 1 1 1 1 1 1 1 1 1 1 1 1 1 1
646 1 1 1 1 1 1 1 1 1 1 1 1 1 1 1 1 1 1 1 1
647 1 1 1 1 1 1 1 1 1 1 1 1 1 1 1 1 1 1 1 1
