102 1 1 1 1 1 1 1 1 1 1 1 1 1 1 1 1 1 1 1 1
105 1 1 1 1 1 1 1 1 1 1 1 1 1 1 1 1 1 1 1 1
106 1 1 1 1 1 1 1 1 1 1 1 1 1 1 1 1 1 1 1 1
109 1 1 1 1 1 1 1 1 1 1 1 1 1 1 1 1 1 1 1 1
119 0 0 0 0 0 1 1 0 0 0 0 0 0 1 1 0 0 0 0 0
125 1 1 1 1 1 1 1 1 1 1 1 1 1 1 1 1 1 1 1 1
128 1 1 1 1 1 1 1 1 1 1 1 1 1 1 1 1 1 1 1 1
130 1 1 1 1 1 1 1 1 1 1 1 1 1 0 1 1 1 1 1 1
134 0 1 1 0 0 0 0 0 0 0 0 0 0 0 1 0 0 0 1 0
140 1 1 0 0 0 0 0 1 0 0 0 1 0 0 0 0 0 0 0 0
148 0 1 0 0 0 0 0 0 0 0 0 1 0 0 1 0 1 0 0 0
149 0 1 0 0 0 0 0 0 0 0 0 0 0 0 1 0 0 1 1 0
150 0 1 1 1 1 1 1 1 1 1 1 1 1 1 1 1 1 1 1 1
204 1 1 1 1 1 1 1 1 1 1 1 1 1 1 1 1 1 1 1 1
205 1 1 1 1 1 1 1 1 1 1 0 1 1 1 1 1 1 1 1 1
209 1 1 1 1 1 1 1 1 1 1 1 1 1 1 1 1 1 1 1 1
214 1 1 1 1 1 1 1 1 1 1 1 1 1 1 1 1 1 1 1 1
229 1 1 1 1 1 1 1 1 1 1 1 1 1 1 1 1 1 1 1 1
231 1 1 1 1 1 1 1 1 1 1 1 1 1 1 1 1 1 1 1 1
234 1 1 1 1 1 1 1 1 1 1 1 1 1 1 1 1 1 1 1 1
235 1 1 1 1 1 1 1 1 1 1 1 1 1 1 1 1 1 1 1 1
237 1 1 1 1 1 1 1 1 1 1 1 1 1 1 1 1 1 1 1 1
238 1 1 1 1 1 1 1 1 0 1 1 1 1 1 1 1 1 1 1 1
239 1 1 1 1 1 0 1 1 1 1 1 1 1 1 1 1 1 1 1 1
243 1 1 1 1 1 1 1 1 1 1 1 1 1 1 1 1 1 1 1 1
245 1 1 1 1 1 1 1 1 1 1 1 1 1 1 1 1 1 1 1 1
246 1 1 1 1 1 1 1 1 1 1 1 1 1 1 1 1 1 1 1 1
248 1 1 1 1 1 1 1 1 1 1 1 1 1 1 1 1 1 1 1 1
303 1 1 1 1 1 1 1 1 1 1 1 1 1 1 1 1 1 1 1 1
307 1 1 1 1 1 1 1 1 1 1 1 1 1 1 1 1 1 1 1 1
311 1 1 1 1 1 1 1 1 1 1 1 1 1 1 1 1 1 1 1 1
313 1 1 1 1 1 1 0 1 1 1 1 1 1 1 1 1 1 1 1 1
316 1 1 1 1 1 0 1 1 1 1 1 1 1 1 1 1 1 1 1 1
321 1 1 1 1 1 1 1 1 1 1 1 1 1 1 1 1 1 1 1 1
325 1 0 0 1 0 0 0 0 0 0 0 0 0 0 0 0 1 0 0 1
326 1 1 1 1 1 1 1 1 1 1 1 1 1 1 1 1 1 1 1 1
327 1 1 1 1 1 1 1 1 1 1 1 1 1 1 1 1 1 1 1 1
337 1 1 1 1 1 1 1 1 1 1 1 1 1 1 1 1 1 1 1 1
340 1 1 1 1 1 1 1 1 1 1 1 1 1 1 1 1 1 1 1 1
348 1 1 1 1 1 1 1 1 1 1 1 1 1 1 1 1 1 1 1 1
350 1 0 0 0 0 0 1 0 0 0 0 1 0 0 0 1 0 0 0 0
403 0 0 0 0 0 0 1 0 0 0 1 0 0 0 0 1 0 0 0 1
405 1 1 1 1 1 1 1 1 1 1 1 1 1 1 1 1 1 1 1 1
406 1 1 1 1 1 1 1 1 1 1 1 1 1 1 1 1 1 1 1 1
408 1 1 1 1 1 1 1 1 1 1 1 1 1 1 1 1 1 1 1 1
416 1 1 1 1 1 1 1 1 1 1 1 1 1 1 1 1 1 1 1 1
418 1 1 1 1 1 1 1 1 1 1 1 1 1 1 1 1 1 1 1 1
420 1 1 1 1 1 1 1 1 1 1 1 1 1 1 1 1 1 1 1 1
422 1 1 1 1 1 1 1 1 1 1 1 1 1 1 1 1 1 1 1 1
424 1 1 1 1 1 1 1 1 1 1 1 1 1 1 1 1 1 1 1 1
434 1 1 1 1 1 1 1 1 1 1 1 1 1 1 1 1 1 1 1 1
439 1 1 1 1 1 1 1 1 1 1 1 1 1 1 1 1 1 1 1 1
440 1 1 1 1 1 1 1 1 1 1 1 1 1 1 1 1 1 1 1 1
441 1 1 1 1 1 1 1 1 1 1 1 1 1 1 1 1 1 1 1 1
445 1 1 1 1 1 1 1 1 1 1 1 1 1 1 1 1 1 1 1 1
448 1 1 1 1 1 1 1 1 1 1 1 1 1 1 1 1 1 1 1 1
449 1 1 1 1 1 1 1 1 1 1 1 1 1 1 1 1 1 1 1 1
501 1 1 1 1 1 1 1 1 1 1 1 1 1 1 1 1 1 1 1 1
505 1 1 1 1 1 1 1 1 1 1 1 1 1 1 1 1 1 1 1 1
507 1 1 1 1 1 1 1 1 1 1 1 1 1 1 1 1 1 1 1 1
509 1 1 1 1 1 1 1 1 1 1 1 1 1 1 1 1 1 1 1 1
510 1 1 1 1 1 1 1 1 1 1 1 1 1 1 1 1 1 1 1 1
511 1 1 1 1 1 1 1 1 1 1 1 1 1 1 1 1 1 1 1 1
512 1 1 1 1 1 1 1 1 1 1 1 1 1 1 1 1 1 1 1 1
516 1 1 1 1 1 1 1 1 1 1 1 1 1 1 1 1 1 1 1 1
520 1 1 1 1 1 1 1 1 1 1 1 1 1 1 1 1 1 1 1 1
522 1 1 1 1 1 1 1 1 1 1 1 1 1 1 1 1 1 1 1 1
526 1 1 1 1 1 1 1 1 1 1 1 1 1 1 1 1 1 1 1 1
527 1 1 1 1 1 1 1 1 1 1 1 1 1 1 1 1 1 1 1 1
531 1 1 1 1 1 1 1 1 1 1 1 1 1 1 1 1 1 1 1 1
532 1 1 1 1 1 1 1 1 1 1 1 1 1 1 1 1 1 1 1 1
539 1 1 1 1 1 1 1 1 1 1 1 1 1 1 1 1 1 1 1 1
543 1 1 1 1 1 1 1 1 1 1 1 1 1 1 1 1 1 1 1 1
546 1 1 1 1 1 1 1 1 1 1 1 1 1 1 1 1 1 1 1 1
547 1 1 1 1 1 1 1 1 1 1 1 1 1 1 1 1 1 1 1 1
549 1 1 1 1 1 1 1 1 1 1 1 1 1 1 1 1 1 1 1 1
550 1 1 1 1 1 1 1 1 1 1 1 1 1 1 1 1 1 1 1 1
603 1 1 1 1 1 1 1 1 1 1 1 1 1 1 1 1 1 1 1 1
608 1 1 1 1 1 1 1 1 1 1 1 1 1 1 1 1 1 1 1 1
617 1 1 1 1 1 1 1 1 1 1 1 1 1 1 1 1 1 1 1 1
618 1 1 1 1 1 1 1 1 1 1 1 1 1 1 1 1 1 1 1 1
621 1 1 1 1 1 1 1 1 1 1 1 1 1 1 1 1 1 1 1 1
623 1 1 1 1 1 1 1 1 1 1 1 1 1 1 1 1 1 1 1 1
630 1 1 1 1 1 1 1 1 1 1 1 1 1 1 1 1 1 1 1 1
632 1 1 1 1 1 1 1 1 1 1 1 1 1 1 1 1 1 1 1 1
635 1 1 1 1 1 1 1 1 1 1 1 1 1 1 1 1 1 1 1 1
636 1 1 1 1 1 1 1 1 1 1 1 1 1 1 1 1 1 1 1 1
637 1 1 1 1 1 1 1 1 1 1 1 1 1 1 1 1 1 1 1 1
640 1 1 1 1 1 1 1 1 1 1 1 1 1 1 1 1 1 1 1 1
647 1 1 1 1 1 1 1 1 1 1 1 1 1 1 1 1 1 1 1 1
