148 0 0
338 0 0
327 0 0
438 0 0
334 0 0
207 0 0
312 0 0
121 0 0

110 0 1
112 1 1
115 0 1
121 0 0
122 0 0
129 0 0
136 0 0
137 0 0
141 0 0
148 0 0
205 0 0
207 0 0
209 1 1
211 0 0
218 1 1
220 0 0
221 0 0
225 1 0
228 0 1
235 1 0
236 1 0
239 0 0
242 0 0
246 1 0
247 1 0
304 1 0
306 1 1
311 1 0
312 0 0
315 1 0
317 1 1
326 1 0
327 0 0
330 1 0
333 1 0
334 0 0
337 1 0
338 0 0
339 0 0
344 0 0
348 1 0
349 0 0
412 1 0
413 0 0
420 0 1
423 1 0
432 1 0
433 1 1
434 0 1
435 1 1
437 1 0
438 0 0
439 1 0
440 1 0
442 1 0
446 1 0
509 1 0
510 1 1
511 1 1
512 1 0
517 1 0
520 1 1
521 1 0
524 1 0
526 1 0
527 1 1
528 1 1
529 1 1
538 1 0
539 1 0
540 1 0
543 1 0
602 1 1
603 1 0
604 1 1
608 1 1
614 1 0
615 1 1
622 1 0
624 1 0
626 1 1
630 1 0
633 1 0
637 1 0
640 1 1
641 1 0
643 1 0
644 1 0
646 1 0
648 1 0
