336 0 0
401 0 0
341 0 0
406 0 0
327 0 0
207 0 0
148 0 0
136 0 0

106 1 1
114 1 1
124 1 1
126 1 0
131 1 0
136 0 0
143 1 0
145 1 0
146 1 0
147 1 0
148 0 0
201 0 1
202 0 1
205 0 0
207 0 0
208 1 1
217 1 0
222 0 0
227 1 1
230 0 1
234 0 1
236 1 0
241 1 0
242 0 0
244 0 0
247 1 0
301 0 0
307 0 1
314 0 0
315 1 0
320 1 1
321 0 1
327 0 0
328 1 1
330 1 0
336 0 0
341 0 0
342 1 0
401 0 0
403 0 0
405 0 1
406 0 0
409 1 1
412 1 0
415 1 1
416 1 1
418 1 0
420 0 1
424 1 0
426 1 0
432 1 0
437 1 0
438 0 0
439 1 0
440 1 0
441 1 1
443 1 0
446 1 0
450 1 0
503 1 0
505 1 1
510 1 1
511 1 1
512 1 0
517 1 0
518 1 0
519 1 0
520 1 1
522 1 0
524 1 0
528 1 1
529 1 1
532 1 0
535 1 0
545 1 0
546 1 0
603 1 0
607 1 0
609 1 1
612 1 0
613 1 1
616 1 0
618 1 0
624 1 0
636 1 1
637 1 0
645 1 0
647 1 0
648 1 0
650 1 0
