250 0 0
239 0 0
419 0 0
238 0 0
243 0 0
211 0 0
221 0 0
220 0 0

105 1 0
109 1 1
125 0 1
131 1 0
132 0 0
135 0 0
139 0 0
142 1 0
144 1 0
146 1 0
201 0 1
202 0 1
203 0 0
206 1 1
210 0 0
211 0 0
218 1 1
219 1 1
220 0 0
221 0 0
223 0 1
230 0 1
232 0 0
235 1 0
238 0 0
239 0 0
243 0 0
250 0 0
301 0 0
303 1 1
306 1 1
310 1 1
311 1 0
315 1 0
319 0 0
324 1 1
328 1 1
332 1 0
333 1 0
345 1 0
347 0 0
348 1 0
349 0 0
403 0 0
407 1 0
408 1 0
413 0 0
416 1 1
418 1 0
419 0 0
420 0 1
422 1 1
430 0 0
431 0 1
433 1 1
434 0 1
435 1 1
441 1 1
443 1 0
450 1 0
504 1 0
505 1 1
508 1 0
511 1 1
513 1 1
519 1 0
524 1 0
526 1 0
529 1 1
535 1 0
536 1 0
539 1 0
540 1 0
541 1 0
543 1 0
544 1 0
545 1 0
610 1 1
611 1 1
614 1 0
621 1 0
623 1 0
624 1 0
625 1 0
628 1 0
631 1 1
633 1 0
636 1 1
639 1 0
648 1 0
