213 0 0
134 0 0
107 0 0
226 0 0
343 0 0
429 0 0
335 0 0
312 0 0

101 1 0
104 1 0
107 0 0
109 1 1
110 0 1
114 1 1
116 0 1
118 1 0
120 0 0
123 0 1
124 1 1
130 0 0
131 1 0
134 0 0
135 0 0
138 0 0
147 1 0
202 0 1
204 1 1
206 1 1
210 0 0
213 0 0
226 0 0
229 1 1
230 0 1
232 0 0
237 1 0
244 0 0
249 1 0
302 1 1
303 1 1
305 1 1
307 0 1
308 1 1
310 1 1
311 1 0
312 0 0
324 1 1
328 1 1
329 0 1
332 1 0
335 0 0
343 0 0
346 1 0
348 1 0
407 1 0
408 1 0
411 1 0
412 1 0
414 0 1
420 0 1
429 0 0
432 1 0
439 1 0
440 1 0
442 1 0
443 1 0
444 1 0
448 1 0
501 1 0
507 1 0
508 1 0
509 1 0
516 1 0
519 1 0
520 1 1
522 1 0
523 1 0
524 1 0
527 1 1
529 1 1
532 1 0
533 1 0
536 1 0
607 1 0
615 1 1
616 1 0
621 1 0
625 1 0
628 1 0
629 1 0
631 1 1
636 1 1
638 1 1
640 1 1
642 1 0
643 1 0
644 1 0
648 1 0
650 1 0
