149 0 0
127 0 0
139 0 0
138 0 0
316 0 0
148 0 0
338 0 0
327 0 0

101 1 0
106 1 1
110 0 1
118 1 0
123 0 1
124 1 1
127 0 0
131 1 0
138 0 0
139 0 0
144 1 0
145 1 0
148 0 0
149 0 0
150 0 0
202 0 1
210 0 0
215 0 0
217 1 0
219 1 1
221 0 0
228 0 1
229 1 1
235 1 0
236 1 0
237 1 0
238 0 0
239 0 0
246 1 0
247 1 0
305 1 1
308 1 1
316 0 0
318 0 0
319 0 0
321 0 1
324 1 1
325 0 0
327 0 0
328 1 1
329 0 1
331 0 1
332 1 0
338 0 0
339 0 0
340 0 0
341 0 0
344 0 0
350 0 0
411 1 0
414 0 1
418 1 0
419 0 0
425 1 0
428 1 1
431 0 1
435 1 1
436 1 0
437 1 0
439 1 0
445 1 0
446 1 0
503 1 0
512 1 0
514 1 1
515 1 0
516 1 0
521 1 0
522 1 0
526 1 0
528 1 1
530 1 1
541 1 0
544 1 0
545 1 0
606 1 0
607 1 0
610 1 1
620 1 0
626 1 1
627 1 0
628 1 0
630 1 0
632 1 0
635 1 0
636 1 1
637 1 0
647 1 0
648 1 0
650 1 0
