109 1 1 1 1 1 1 1 1 1 1 1 1 1 1 1 1 1 1 1 1
116 1 1 1 1 1 1 1 1 1 1 1 1 1 1 1 1 1 1 1 1
117 1 1 1 1 1 1 1 1 1 1 1 1 1 1 1 1 1 1 1 1
121 0 0 1 0 0 0 0 0 0 0 1 0 0 1 0 0 1 0 0 0
122 1 1 1 1 1 1 1 1 1 1 1 1 1 1 1 1 1 1 1 1
123 1 1 1 1 1 1 1 1 1 1 1 1 1 1 1 1 1 1 1 1
124 1 1 1 1 1 1 1 1 1 1 1 1 1 1 1 1 1 1 1 1
126 1 1 1 1 1 1 1 1 1 1 1 1 1 1 1 1 1 1 1 1
131 1 1 1 1 1 1 1 1 1 1 1 1 1 1 1 1 1 1 1 1
132 0 1 1 1 1 1 1 1 1 1 1 1 1 1 1 1 1 1 1 1
133 0 0 0 0 0 0 0 1 0 1 1 0 0 1 0 0 0 0 0 0
141 1 1 1 1 1 1 1 1 1 1 1 1 1 1 1 1 1 1 1 1
142 1 1 1 1 1 1 1 1 1 1 1 1 1 1 1 1 1 1 1 1
143 1 1 1 1 1 1 1 1 1 1 1 1 1 1 1 1 1 1 1 1
146 1 1 1 1 1 1 1 1 1 1 1 1 1 1 1 1 1 1 1 1
203 0 0 1 1 0 0 0 0 0 0 0 0 0 0 0 0 0 1 0 1
206 1 1 1 1 1 1 1 1 1 1 1 1 1 1 1 1 1 1 1 1
207 0 0 1 1 0 1 0 0 0 0 0 0 0 0 0 0 1 0 0 0
208 1 1 1 1 1 1 1 1 1 1 1 1 1 1 1 1 1 1 1 1
209 1 1 1 1 1 1 1 1 1 1 1 1 1 1 1 1 1 1 1 1
212 1 1 1 1 1 1 1 1 1 1 1 1 1 1 1 1 1 1 1 1
216 1 1 1 1 1 1 1 1 1 1 1 1 1 1 1 1 1 1 1 1
217 1 1 1 1 1 1 1 1 1 1 1 1 1 1 1 1 1 1 1 1
221 1 1 1 1 1 1 1 1 1 1 1 1 1 1 1 1 1 1 1 1
223 1 1 1 1 1 1 1 1 1 1 1 1 1 1 1 1 1 1 1 1
227 1 1 1 1 1 1 1 1 1 1 1 1 1 1 1 1 1 1 1 1
229 1 1 1 1 1 1 1 1 1 1 1 1 1 1 1 1 1 1 1 1
230 1 1 1 1 1 1 1 1 1 1 1 1 1 1 1 1 1 1 1 1
233 1 1 1 1 1 1 1 1 1 1 1 1 1 1 1 1 1 1 1 1
234 1 1 1 1 1 1 1 1 1 1 1 1 1 1 1 1 1 1 1 1
236 1 1 1 1 1 1 1 1 1 1 1 1 1 1 1 1 1 1 1 1
237 1 1 1 1 1 1 1 1 1 1 1 1 1 1 1 1 1 1 1 1
244 1 1 1 1 1 0 1 1 1 1 1 1 1 1 1 1 1 1 1 1
247 1 1 1 1 1 1 1 1 1 1 1 1 1 1 1 1 1 1 1 1
249 1 1 1 1 1 1 1 1 1 1 1 1 1 1 1 1 1 1 1 1
250 1 1 1 1 1 1 1 1 1 1 1 0 1 1 1 1 1 1 1 1
304 1 1 1 1 1 1 1 1 1 1 1 1 1 1 1 1 1 1 1 1
305 1 1 1 1 1 1 1 1 1 1 1 1 1 1 1 1 1 1 1 1
306 1 1 1 1 1 1 1 1 1 1 1 1 1 1 1 1 1 1 1 1
311 1 1 1 1 1 1 1 1 1 1 1 1 1 1 1 1 1 1 1 1
312 0 0 0 1 0 1 0 0 0 0 0 0 0 0 0 0 0 0 1 1
315 1 1 1 1 1 1 1 1 1 1 1 1 1 1 1 1 1 1 1 1
318 1 1 1 1 1 1 1 1 1 1 1 1 1 1 1 1 1 1 1 1
319 1 1 1 1 1 1 1 1 1 1 1 1 1 1 1 1 1 1 1 1
321 1 1 1 1 1 1 1 1 1 1 1 1 1 1 1 1 1 1 1 1
322 1 1 1 1 1 1 1 1 1 1 1 1 1 1 1 1 1 1 1 1
324 1 1 1 1 1 1 1 1 1 1 1 1 1 1 1 1 1 1 1 1
330 1 1 1 1 1 1 1 1 1 1 1 1 1 1 1 1 1 1 1 1
332 1 1 1 1 1 1 1 1 1 1 1 1 1 1 1 1 1 1 1 1
340 1 1 1 1 1 1 1 1 1 1 1 1 1 1 1 1 1 1 1 1
341 1 1 1 1 1 1 1 1 1 1 1 1 1 1 1 1 1 1 1 1
346 1 1 1 1 1 1 1 1 1 1 1 1 1 1 1 1 1 1 1 1
349 1 1 1 1 1 1 1 1 1 1 1 1 1 1 1 1 1 1 0 1
403 0 0 0 1 1 0 0 0 0 0 0 0 0 0 0 0 0 1 0 1
410 1 1 0 0 0 0 0 0 0 0 0 1 0 0 0 0 0 1 0 0
412 1 1 1 1 1 1 1 1 1 1 1 1 1 1 1 1 1 1 1 1
416 1 1 1 1 1 1 1 1 1 1 1 1 1 1 1 1 1 1 1 1
418 1 1 1 1 1 1 1 1 1 1 1 1 1 1 1 1 1 1 1 1
425 1 1 1 1 1 1 1 1 1 1 1 1 1 1 1 1 1 1 1 1
427 1 1 1 1 1 1 1 1 1 1 1 1 1 1 1 1 1 1 1 1
430 0 0 0 0 0 1 1 0 0 0 0 0 1 0 0 0 0 1 0 0
433 1 1 1 1 1 1 1 1 1 1 1 1 1 1 1 1 1 1 1 1
443 1 1 1 1 1 1 1 1 1 1 1 1 1 1 1 1 1 1 1 1
444 1 1 1 1 1 1 1 1 1 1 1 1 1 1 1 1 1 1 1 1
501 1 1 1 1 1 1 1 1 1 1 1 1 1 1 1 1 1 1 1 1
509 1 1 1 1 1 1 1 1 1 1 1 1 1 1 1 1 1 1 1 1
518 1 1 1 1 1 1 1 1 1 1 1 1 1 1 1 1 1 1 1 1
525 1 1 1 1 1 1 1 1 1 1 1 1 1 1 1 1 1 1 1 1
528 1 1 1 1 1 1 1 1 1 1 1 1 1 1 1 1 1 1 1 1
529 1 1 1 1 1 1 1 1 1 1 1 1 1 1 1 1 1 1 1 1
532 1 1 1 1 1 1 1 1 1 1 1 1 1 1 1 1 1 1 1 1
533 1 1 1 1 1 1 1 1 1 1 1 1 1 1 1 1 1 1 1 1
535 1 1 1 1 1 1 1 1 1 1 1 1 1 1 1 1 1 1 1 1
536 1 1 1 1 1 1 1 1 1 1 1 1 1 1 1 1 1 1 1 1
539 1 1 1 1 1 1 1 1 1 1 1 1 1 1 1 1 1 1 1 1
542 1 1 1 1 1 1 1 1 1 1 1 1 1 1 1 1 1 1 1 1
549 1 1 1 1 1 1 1 1 1 1 1 1 1 1 1 1 1 1 1 1
604 1 1 1 1 1 1 1 1 1 1 1 1 1 1 1 1 1 1 1 1
609 1 1 1 1 1 1 1 1 1 1 1 1 1 1 1 1 1 1 1 1
610 1 1 1 1 1 1 1 1 1 1 1 1 1 1 1 1 1 1 1 1
617 1 1 1 1 1 1 1 1 1 1 1 1 1 1 1 1 1 1 1 1
619 1 1 1 1 1 1 1 1 1 1 1 1 1 1 1 1 1 1 1 1
622 1 1 1 1 1 1 1 1 1 1 1 1 1 1 1 1 1 1 1 1
625 1 1 1 1 1 1 1 1 1 1 1 1 1 1 1 1 1 1 1 1
626 1 1 1 1 1 1 1 1 1 1 1 1 1 1 1 1 1 1 1 1
640 1 1 1 1 1 1 1 1 1 1 1 1 1 1 1 1 1 1 1 1
641 1 1 1 1 1 1 1 1 1 1 1 1 1 1 1 1 1 1 1 1
644 1 1 1 1 1 1 1 1 1 1 1 1 1 1 1 1 1 1 1 1
646 1 1 1 1 1 1 1 1 1 1 1 1 1 1 1 1 1 1 1 1
647 1 1 1 1 1 1 1 1 1 1 1 1 1 1 1 1 1 1 1 1
