106 1 1 1 1 1 1 1 1 1 1 1 1 1 1 1 1 1 1 1 1
114 1 1 1 1 1 1 1 1 1 1 1 1 1 1 1 1 1 1 1 1
124 1 1 1 1 1 1 1 1 1 1 1 1 1 1 1 1 1 1 1 1
126 1 1 1 1 1 1 1 1 1 1 1 1 1 1 1 1 1 1 1 1
131 1 1 1 1 1 1 1 1 1 1 1 1 1 1 1 1 1 1 1 1
136 0 1 0 0 0 0 0 0 0 0 0 0 1 0 0 0 0 1 1 0
143 1 1 1 1 1 1 1 1 1 1 1 1 1 1 1 1 1 1 1 1
145 1 1 1 1 1 1 1 1 1 1 1 1 1 1 1 1 1 1 1 1
146 1 1 1 1 1 1 1 1 1 1 1 1 1 1 1 1 1 1 1 1
147 1 1 1 1 1 1 1 1 1 1 1 1 1 1 1 1 1 1 1 1
148 0 1 1 0 0 1 0 0 0 0 0 0 0 0 0 1 0 0 0 0
201 1 1 1 1 1 1 1 1 1 1 1 1 1 1 1 1 1 1 1 1
202 1 1 1 1 1 1 1 1 1 1 1 1 1 1 1 1 1 1 1 1
205 1 1 1 1 1 1 1 1 1 1 1 1 1 1 1 1 1 1 1 1
207 0 0 0 0 0 0 0 1 0 1 0 0 0 0 0 0 1 0 0 1
208 1 1 1 1 1 1 1 1 1 1 1 1 1 1 1 1 1 1 1 1
217 1 1 1 1 1 1 1 1 1 1 1 1 1 1 1 1 1 1 1 1
222 1 1 1 1 1 1 1 1 1 1 1 1 1 1 0 1 1 1 1 1
227 1 1 1 1 1 1 1 1 1 1 1 1 1 1 1 1 1 1 1 1
230 1 1 1 1 1 1 1 1 1 1 1 1 1 1 1 1 1 1 1 1
234 1 1 1 1 1 1 1 1 1 1 1 1 1 1 1 1 1 1 1 1
236 1 1 1 1 1 1 1 1 1 1 1 1 1 1 1 1 1 1 1 1
241 1 1 1 1 1 1 1 1 1 1 1 1 1 1 1 1 1 1 1 1
242 1 1 1 1 1 1 1 1 1 1 1 1 0 1 1 1 1 1 1 1
244 1 1 1 1 1 1 1 1 1 1 1 1 1 1 1 1 1 0 1 1
247 1 1 1 1 1 1 1 1 1 1 1 1 1 1 1 1 1 1 1 1
301 1 1 1 1 1 0 1 1 1 1 1 1 1 1 1 1 1 1 1 1
307 1 1 1 1 1 1 1 1 1 1 1 1 1 1 1 1 1 1 1 1
314 1 1 1 1 1 1 1 1 1 1 1 1 1 1 1 1 1 1 1 1
315 1 1 1 1 1 1 1 1 1 1 1 1 1 1 1 1 1 1 1 1
320 1 1 1 1 1 1 1 1 1 1 1 1 1 1 1 1 1 1 1 1
321 1 1 1 1 1 1 1 1 1 1 1 1 1 1 1 1 1 1 1 1
327 1 0 0 0 0 0 1 0 0 0 0 0 0 1 0 0 0 1 0 0
328 1 1 1 1 1 1 1 1 1 1 1 1 1 1 1 1 1 1 1 1
330 1 1 1 1 1 1 1 1 1 1 1 1 1 1 1 1 1 1 1 1
336 0 1 1 0 0 0 0 0 0 1 0 0 0 1 0 0 0 0 0 0
341 0 0 1 0 0 0 0 0 0 0 1 0 0 0 0 1 0 0 1 0
342 1 1 1 1 1 1 1 1 1 1 1 1 1 1 1 1 1 1 1 1
401 0 0 0 0 0 1 0 1 0 0 0 0 0 0 1 0 0 0 0 1
403 1 1 1 1 1 1 1 1 1 1 1 1 1 1 1 0 1 1 1 1
405 1 1 1 1 1 1 1 1 1 1 1 1 1 1 1 1 1 1 1 1
406 1 0 1 0 0 0 0 0 0 0 1 0 0 0 0 0 0 0 0 1
409 1 1 1 1 1 1 1 1 1 1 1 1 1 1 1 1 1 1 1 1
412 1 1 1 1 1 1 1 1 1 1 1 1 1 1 1 1 1 1 1 1
415 1 1 1 1 1 1 1 1 1 1 1 1 1 1 1 1 1 1 1 1
416 1 1 1 1 1 1 1 1 1 1 1 1 1 1 1 1 1 1 1 1
418 1 1 1 1 1 1 1 1 1 1 1 1 1 1 1 1 1 1 1 1
420 1 1 1 1 1 1 1 1 1 1 1 1 1 1 1 1 1 1 1 1
424 1 1 1 1 1 1 1 1 1 1 1 1 1 1 1 1 1 1 1 1
426 1 1 1 1 1 1 1 1 1 1 1 1 1 1 1 1 1 1 1 1
432 1 1 1 1 1 1 1 1 1 1 1 1 1 1 1 1 1 1 1 1
437 1 1 1 1 1 1 1 1 1 1 1 1 1 1 1 1 1 1 1 1
438 1 1 1 1 1 1 1 1 1 1 1 1 1 1 1 1 1 1 1 0
439 1 1 1 1 1 1 1 1 1 1 1 1 1 1 1 1 1 1 1 1
440 1 1 1 1 1 1 1 1 1 1 1 1 1 1 1 1 1 1 1 1
441 1 1 1 1 1 1 1 1 1 1 1 1 1 1 1 1 1 1 1 1
443 1 1 1 1 1 1 1 1 1 1 1 1 1 1 1 1 1 1 1 1
446 1 1 1 1 1 1 1 1 1 1 1 1 1 1 1 1 1 1 1 1
450 1 1 1 1 1 1 1 1 1 1 1 1 1 1 1 1 1 1 1 1
503 1 1 1 1 1 1 1 1 1 1 1 1 1 1 1 1 1 1 1 1
505 1 1 1 1 1 1 1 1 1 1 1 1 1 1 1 1 1 1 1 1
510 1 1 1 1 1 1 1 1 1 1 1 1 1 1 1 1 1 1 1 1
511 1 1 1 1 1 1 1 1 1 1 1 1 1 1 1 1 1 1 1 1
512 1 1 1 1 1 1 1 1 1 1 1 1 1 1 1 1 1 1 1 1
517 1 1 1 1 1 1 1 1 1 1 1 1 1 1 1 1 1 1 1 1
518 1 1 1 1 1 1 1 1 1 1 1 1 1 1 1 1 1 1 1 1
519 1 1 1 1 1 1 1 1 1 1 1 1 1 1 1 1 1 1 1 1
520 1 1 1 1 1 1 1 1 1 1 1 1 1 1 1 1 1 1 1 1
522 1 1 1 1 1 1 1 1 1 1 1 1 1 1 1 1 1 1 1 1
524 1 1 1 1 1 1 1 1 1 1 1 1 1 1 1 1 1 1 1 1
528 1 1 1 1 1 1 1 1 1 1 1 1 1 1 1 1 1 1 1 1
529 1 1 1 1 1 1 1 1 1 1 1 1 1 1 1 1 1 1 1 1
532 1 1 1 1 1 1 1 1 1 1 1 1 1 1 1 1 1 1 1 1
535 1 1 1 1 1 1 1 1 1 1 1 1 1 1 1 1 1 1 1 1
545 1 1 1 1 1 1 1 1 1 1 1 1 1 1 1 1 1 1 1 1
546 1 1 1 1 1 1 1 1 1 1 1 1 1 1 1 1 1 1 1 1
603 1 1 1 1 1 1 1 1 1 1 1 1 1 1 1 1 1 1 1 1
607 1 1 1 1 1 1 1 1 1 1 1 1 1 1 1 1 1 1 1 1
609 1 1 1 1 1 1 1 1 1 1 1 1 1 1 1 1 1 1 1 1
612 1 1 1 1 1 1 1 1 1 1 1 1 1 1 1 1 1 1 1 1
613 1 1 1 1 1 1 1 1 1 1 1 1 1 1 1 1 1 1 1 1
616 1 1 1 1 1 1 1 1 1 1 1 1 1 1 1 1 1 1 1 1
618 1 1 1 1 1 1 1 1 1 1 1 1 1 1 1 1 1 1 1 1
624 1 1 1 1 1 1 1 1 1 1 1 1 1 1 1 1 1 1 1 1
636 1 1 1 1 1 1 1 1 1 1 1 1 1 1 1 1 1 1 1 1
637 1 1 1 1 1 1 1 1 1 1 1 1 1 1 1 1 1 1 1 1
645 1 1 1 1 1 1 1 1 1 1 1 1 1 1 1 1 1 1 1 1
647 1 1 1 1 1 1 1 1 1 1 1 1 1 1 1 1 1 1 1 1
648 1 1 1 1 1 1 1 1 1 1 1 1 1 1 1 1 1 1 1 1
650 1 1 1 1 1 1 1 1 1 1 1 1 1 1 1 1 1 1 1 1
