101 1 1 1 1 1 1 1 1 1 1 1 1 1 1 1 1 1 1 1 1
104 1 1 1 1 1 1 1 1 1 1 1 1 1 1 1 1 1 1 1 1
107 0 1 0 0 0 0 0 0 0 0 0 1 0 1 0 0 0 0 0 1
109 1 1 1 1 1 1 1 1 1 1 1 1 1 1 1 1 1 1 1 1
110 1 1 1 1 1 1 1 1 1 1 1 1 1 1 1 1 1 1 1 1
114 1 1 1 1 1 1 1 1 1 1 1 1 1 1 1 1 1 1 1 1
116 1 1 1 1 1 1 1 1 1 1 1 1 1 1 1 1 1 1 1 1
118 1 1 1 1 1 1 1 1 1 1 1 1 1 1 1 1 1 1 1 1
120 1 1 1 1 1 1 1 1 1 1 1 1 1 1 1 1 1 1 1 1
123 1 1 1 1 1 1 1 1 1 1 1 1 1 1 1 1 1 1 1 1
124 1 1 1 1 1 1 1 1 1 1 1 1 1 1 1 1 1 1 1 1
130 1 1 1 1 1 1 1 1 1 1 1 1 1 1 1 1 1 1 1 1
131 1 1 1 1 1 1 1 1 1 1 1 1 1 1 1 1 1 1 1 1
134 0 1 0 1 0 0 0 0 0 0 0 0 0 0 0 0 1 0 1 0
135 1 1 1 1 1 1 1 1 1 1 1 1 1 1 1 1 1 1 1 1
138 1 1 1 1 1 1 1 1 1 1 1 1 1 1 1 1 1 1 0 1
147 1 1 1 1 1 1 1 1 1 1 1 1 1 1 1 1 1 1 1 1
202 1 1 1 1 1 1 1 1 1 1 1 1 1 1 1 1 1 1 1 1
204 1 1 1 1 1 1 1 1 1 1 1 1 1 1 1 1 1 1 1 1
206 1 1 1 1 1 1 1 1 1 1 1 1 1 1 1 1 1 1 1 1
210 1 1 1 1 1 1 1 1 1 1 1 1 1 1 1 1 1 1 1 1
213 0 0 1 0 1 0 1 1 0 0 0 0 0 0 0 0 0 0 0 0
226 0 0 0 0 1 0 0 0 0 1 1 1 0 0 0 0 0 0 0 0
229 1 1 1 1 1 1 1 1 1 1 1 1 1 1 1 1 1 1 1 1
230 1 1 1 1 1 1 1 1 1 1 1 1 1 1 1 1 1 1 1 1
232 1 1 1 1 1 1 1 1 1 1 1 0 1 1 1 1 1 1 1 1
237 1 1 1 1 1 1 1 1 1 1 1 1 1 1 1 1 1 1 1 1
244 1 1 1 1 1 1 1 1 1 1 1 1 1 1 1 1 1 1 1 1
249 1 1 1 1 1 1 1 1 1 1 1 1 1 1 1 1 1 1 1 1
302 1 1 1 1 1 1 1 1 1 1 1 1 1 1 1 1 1 1 1 1
303 1 1 1 1 1 1 1 1 1 1 1 1 1 1 1 1 1 1 1 1
305 1 1 1 1 1 1 1 1 1 1 1 1 1 1 1 1 1 1 1 1
307 1 1 1 1 1 1 1 1 1 1 1 1 1 1 1 1 1 1 1 1
308 1 1 1 1 1 1 1 1 1 1 1 1 1 1 1 1 1 1 1 1
310 1 1 1 1 1 1 1 1 1 1 1 1 1 1 1 1 1 1 1 1
311 1 1 1 1 1 1 1 1 1 1 1 1 1 1 1 1 1 1 1 1
312 1 1 0 0 0 0 0 0 1 0 0 0 0 0 0 1 0 0 0 0
324 1 1 1 1 1 1 1 1 1 1 1 1 1 1 1 1 1 1 1 1
328 1 1 1 1 1 1 1 1 1 1 1 1 1 1 1 1 1 1 1 1
329 1 1 1 1 1 1 1 1 1 1 1 1 1 1 1 1 1 1 1 1
332 1 1 1 1 1 1 1 1 1 1 1 1 1 1 1 1 1 1 1 1
335 0 0 0 0 0 1 0 0 0 0 0 0 1 0 1 0 1 0 0 0
343 0 0 0 0 1 1 0 0 0 0 1 0 0 0 0 0 0 1 0 0
346 1 1 1 1 1 1 1 1 1 1 1 1 1 1 1 1 1 1 1 1
348 1 1 1 1 1 1 1 1 1 1 1 1 1 1 1 1 1 1 1 1
407 1 1 1 1 1 1 1 1 1 1 1 1 1 1 1 1 1 1 1 1
408 1 1 1 1 1 1 1 1 1 1 1 1 1 1 1 1 1 1 1 1
411 1 1 1 1 1 1 1 1 1 1 1 1 1 1 1 1 1 1 1 1
412 1 1 1 1 1 1 1 1 1 1 1 1 1 1 1 1 1 1 1 1
414 1 1 1 1 1 1 1 1 1 1 1 1 1 1 1 1 1 1 1 1
420 1 1 1 1 1 1 1 1 1 1 1 1 1 1 1 1 1 1 1 1
429 0 0 0 1 1 1 0 0 0 0 0 0 0 0 0 0 1 0 0 0
432 1 1 1 1 1 1 1 1 1 1 1 1 1 1 1 1 1 1 1 1
439 1 1 1 1 1 1 1 1 1 1 1 1 1 1 1 1 1 1 1 1
440 1 1 1 1 1 1 1 1 1 1 1 1 1 1 1 1 1 1 1 1
442 1 1 1 1 1 1 1 1 1 1 1 1 1 1 1 1 1 1 1 1
443 1 1 1 1 1 1 1 1 1 1 1 1 1 1 1 1 1 1 1 1
444 1 1 1 1 1 1 1 1 1 1 1 1 1 1 1 1 1 1 1 1
448 1 1 1 1 1 1 1 1 1 1 1 1 1 1 1 1 1 1 1 1
501 1 1 1 1 1 1 1 1 1 1 1 1 1 1 1 1 1 1 1 1
507 1 1 1 1 1 1 1 1 1 1 1 1 1 1 1 1 1 1 1 1
508 1 1 1 1 1 1 1 1 1 1 1 1 1 1 1 1 1 1 1 1
509 1 1 1 1 1 1 1 1 1 1 1 1 1 1 1 1 1 1 1 1
516 1 1 1 1 1 1 1 1 1 1 1 1 1 1 1 1 1 1 1 1
519 1 1 1 1 1 1 1 1 1 1 1 1 1 1 1 1 1 1 1 1
520 1 1 1 1 1 1 1 1 1 1 1 1 1 1 1 1 1 1 1 1
522 1 1 1 1 1 1 1 1 1 1 1 1 1 1 1 1 1 1 1 1
523 1 1 1 1 1 1 1 1 1 1 1 1 1 1 1 1 1 1 1 1
524 1 1 1 1 1 1 1 1 1 1 1 1 1 1 1 1 1 1 1 1
527 1 1 1 1 1 1 1 1 1 1 1 1 1 1 1 1 1 1 1 1
529 1 1 1 1 1 1 1 1 1 1 1 1 1 1 1 1 1 1 1 1
532 1 1 1 1 1 1 1 1 1 1 1 1 1 1 1 1 1 1 1 1
533 1 1 1 1 1 1 1 1 1 1 1 1 1 1 1 1 1 1 1 1
536 1 1 1 1 1 1 1 1 1 1 1 1 1 1 1 1 1 1 1 1
607 1 1 1 1 1 1 1 1 1 1 1 1 1 1 1 1 1 1 1 1
615 1 1 1 1 1 1 1 1 1 1 1 1 1 1 1 1 1 1 1 1
616 1 1 1 1 1 1 1 1 1 1 1 1 1 1 1 1 1 1 1 1
621 1 1 1 1 1 1 1 1 1 1 1 1 1 1 1 1 1 1 1 1
625 1 1 1 1 1 1 1 1 1 1 1 1 1 1 1 1 1 1 1 1
628 1 1 1 1 1 1 1 1 1 1 1 1 1 1 1 1 1 1 1 1
629 1 1 1 1 1 1 1 1 1 1 1 1 1 1 1 1 1 1 1 1
631 1 1 1 1 1 1 1 1 1 1 1 1 1 1 1 1 1 1 1 1
636 1 1 1 1 1 1 1 1 1 1 1 1 1 1 1 1 1 1 1 1
638 1 1 1 1 1 1 1 1 1 1 1 1 1 1 1 1 1 1 1 1
640 1 1 1 1 1 1 1 1 1 1 1 1 1 1 1 1 1 1 1 1
642 1 1 1 1 1 1 1 1 1 1 1 1 1 1 1 1 1 1 1 1
643 1 1 1 1 1 1 1 1 1 1 1 1 1 1 1 1 1 1 1 1
644 1 1 1 1 1 1 1 1 1 1 1 1 1 1 1 1 1 1 1 1
648 1 1 1 1 1 1 1 1 1 1 1 1 1 1 1 1 1 1 1 1
650 1 1 1 1 1 1 1 1 1 1 1 1 1 1 1 1 1 1 1 1
