103 1 1 1 1 1 1 1 1 1 1 1 1 1 1 1 1 1 1 1 1
108 1 1 1 1 1 1 1 1 1 1 1 1 1 1 1 1 1 1 1 1
109 1 1 1 1 1 1 1 1 1 1 1 1 1 1 1 1 1 1 1 1
111 1 1 1 1 1 1 1 1 1 1 1 1 1 1 1 1 1 1 1 1
115 1 1 1 1 1 1 1 1 1 1 1 1 1 1 1 1 1 1 1 1
124 1 1 1 1 1 1 1 1 1 1 1 1 1 1 1 1 1 1 1 1
126 1 1 1 1 1 1 1 1 1 1 1 1 1 1 1 1 1 1 1 1
128 1 1 1 1 1 1 1 1 1 1 1 1 1 1 1 1 1 1 1 1
130 1 1 1 1 1 1 1 1 1 1 1 0 1 1 1 1 1 1 1 1
131 1 1 1 1 1 1 1 1 1 1 1 1 1 1 1 1 1 1 1 1
132 0 1 1 1 1 1 1 1 1 1 1 1 1 1 1 1 1 1 1 1
133 0 0 0 1 0 0 0 0 0 0 1 1 1 0 0 0 0 0 0 0
143 1 1 1 1 1 1 1 1 1 1 1 1 1 1 1 1 1 1 1 1
149 1 1 0 1 1 1 1 1 1 1 1 1 1 1 1 1 1 1 1 1
202 1 1 1 1 1 1 1 1 1 1 1 1 1 1 1 1 1 1 1 1
206 1 1 1 1 1 1 1 1 1 1 1 1 1 1 1 1 1 1 1 1
209 1 1 1 1 1 1 1 1 1 1 1 1 1 1 1 1 1 1 1 1
210 1 1 0 1 1 1 1 1 1 1 1 1 1 1 1 1 1 1 1 1
212 1 0 0 0 0 0 0 0 0 0 0 1 0 0 0 1 0 1 0 0
214 1 1 1 1 1 1 1 1 1 1 1 1 1 1 1 1 1 1 1 1
223 1 1 1 1 1 1 1 1 1 1 1 1 1 1 1 1 1 1 1 1
229 1 1 1 1 1 1 1 1 1 1 1 1 1 1 1 1 1 1 1 1
239 0 0 0 0 0 0 1 1 0 1 0 0 0 0 0 0 0 0 0 1
240 1 1 1 1 1 1 1 1 1 1 1 1 1 1 1 1 1 1 1 1
245 0 1 1 1 0 0 0 0 0 0 0 0 1 0 0 0 0 0 0 0
249 1 1 1 1 1 1 1 1 1 1 1 1 1 1 1 1 1 1 1 1
250 0 0 0 1 0 0 1 0 0 1 0 0 0 0 0 0 0 0 0 1
303 1 1 1 1 1 1 1 1 1 1 1 1 1 1 1 1 1 1 1 1
304 1 1 1 1 1 1 1 1 1 1 1 1 1 1 1 1 1 1 1 1
305 1 1 1 1 1 1 1 1 1 1 1 1 1 1 1 1 1 1 1 1
308 1 1 1 1 1 1 1 1 1 1 1 1 1 1 1 1 1 1 1 1
315 1 1 1 1 1 1 1 1 1 1 1 1 1 1 1 1 1 1 1 1
316 0 0 1 0 0 0 0 0 0 0 0 1 0 0 1 1 0 0 0 0
317 1 1 1 1 1 1 1 1 1 1 1 1 1 1 1 1 1 1 1 1
326 1 1 1 1 1 1 1 1 1 1 1 1 1 1 1 1 1 1 1 1
328 1 1 1 1 1 1 1 1 1 1 1 1 1 1 1 1 1 1 1 1
330 1 1 1 1 1 1 1 1 1 1 1 1 1 1 1 1 1 1 1 1
338 1 1 1 1 1 1 1 1 1 1 1 1 1 1 1 1 1 1 1 1
339 1 1 1 1 1 1 1 1 1 1 1 1 1 1 1 1 1 1 1 1
342 1 1 1 1 1 1 1 1 1 1 1 1 1 1 1 1 1 1 1 1
344 0 0 0 0 1 0 1 0 0 1 0 0 0 1 0 0 0 0 0 0
347 1 1 1 1 1 1 1 1 1 1 1 1 1 1 1 1 1 1 1 0
350 1 1 1 1 0 1 1 1 1 1 1 1 1 1 1 1 1 1 1 1
408 1 1 1 1 1 1 1 1 1 1 1 1 1 1 1 1 1 1 1 1
417 1 1 1 1 1 1 1 1 1 1 1 1 1 1 1 1 1 1 1 1
418 1 1 1 1 1 1 1 1 1 1 1 1 1 1 1 1 1 1 1 1
419 0 0 0 0 0 0 0 0 0 1 0 1 0 0 0 1 0 0 0 1
420 1 1 1 1 1 1 1 1 1 1 1 1 1 1 1 1 1 1 1 1
424 1 1 1 1 1 1 1 1 1 1 1 1 1 1 1 1 1 1 1 1
426 1 1 1 1 1 1 1 1 1 1 1 1 1 1 1 1 1 1 1 1
433 1 1 1 1 1 1 1 1 1 1 1 1 1 1 1 1 1 1 1 1
435 1 1 1 1 1 1 1 1 1 1 1 1 1 1 1 1 1 1 1 1
440 1 1 1 1 1 1 1 1 1 1 1 1 1 1 1 1 1 1 1 1
449 1 1 1 1 1 1 1 1 1 1 1 1 1 1 1 1 1 1 1 1
450 1 1 1 1 1 1 1 1 1 1 1 1 1 1 1 1 1 1 1 1
506 1 1 1 1 1 1 1 1 1 1 1 1 1 1 1 1 1 1 1 1
509 1 1 1 1 1 1 1 1 1 1 1 1 1 1 1 1 1 1 1 1
510 1 1 1 1 1 1 1 1 1 1 1 1 1 1 1 1 1 1 1 1
512 1 1 1 1 1 1 1 1 1 1 1 1 1 1 1 1 1 1 1 1
513 1 1 1 1 1 1 1 1 1 1 1 1 1 1 1 1 1 1 1 1
514 1 1 1 1 1 1 1 1 1 1 1 1 1 1 1 1 1 1 1 1
515 1 1 1 1 1 1 1 1 1 1 1 1 1 1 1 1 1 1 1 1
518 1 1 1 1 1 1 1 1 1 1 1 1 1 1 1 1 1 1 1 1
519 1 1 1 1 1 1 1 1 1 1 1 1 1 1 1 1 1 1 1 1
524 1 1 1 1 1 1 1 1 1 1 1 1 1 1 1 1 1 1 1 1
529 1 1 1 1 1 1 1 1 1 1 1 1 1 1 1 1 1 1 1 1
530 1 1 1 1 1 1 1 1 1 1 1 1 1 1 1 1 1 1 1 1
531 1 1 1 1 1 1 1 1 1 1 1 1 1 1 1 1 1 1 1 1
532 1 1 1 1 1 1 1 1 1 1 1 1 1 1 1 1 1 1 1 1
538 1 1 1 1 1 1 1 1 1 1 1 1 1 1 1 1 1 1 1 1
546 1 1 1 1 1 1 1 1 1 1 1 1 1 1 1 1 1 1 1 1
606 1 1 1 1 1 1 1 1 1 1 1 1 1 1 1 1 1 1 1 1
607 1 1 1 1 1 1 1 1 1 1 1 1 1 1 1 1 1 1 1 1
609 1 1 1 1 1 1 1 1 1 1 1 1 1 1 1 1 1 1 1 1
612 1 1 1 1 1 1 1 1 1 1 1 1 1 1 1 1 1 1 1 1
614 1 1 1 1 1 1 1 1 1 1 1 1 1 1 1 1 1 1 1 1
616 1 1 1 1 1 1 1 1 1 1 1 1 1 1 1 1 1 1 1 1
617 1 1 1 1 1 1 1 1 1 1 1 1 1 1 1 1 1 1 1 1
619 1 1 1 1 1 1 1 1 1 1 1 1 1 1 1 1 1 1 1 1
626 1 1 1 1 1 1 1 1 1 1 1 1 1 1 1 1 1 1 1 1
629 1 1 1 1 1 1 1 1 1 1 1 1 1 1 1 1 1 1 1 1
630 1 1 1 1 1 1 1 1 1 1 1 1 1 1 1 1 1 1 1 1
632 1 1 1 1 1 1 1 1 1 1 1 1 1 1 1 1 1 1 1 1
636 1 1 1 1 1 1 1 1 1 1 1 1 1 1 1 1 1 1 1 1
642 1 1 1 1 1 1 1 1 1 1 1 1 1 1 1 1 1 1 1 1
644 1 1 1 1 1 1 1 1 1 1 1 1 1 1 1 1 1 1 1 1
645 1 1 1 1 1 1 1 1 1 1 1 1 1 1 1 1 1 1 1 1
646 1 1 1 1 1 1 1 1 1 1 1 1 1 1 1 1 1 1 1 1
649 1 1 1 1 1 1 1 1 1 1 1 1 1 1 1 1 1 1 1 1
650 1 1 1 1 1 1 1 1 1 1 1 1 1 1 1 1 1 1 1 1
