105 1 1 1 1 1 1 1 1 1 1 1 1 1 1 1 1 1 1 1 1
109 1 1 1 1 1 1 1 1 1 1 1 1 1 1 1 1 1 1 1 1
110 1 1 1 1 1 1 1 1 1 1 1 1 1 1 1 1 1 1 1 1
116 1 1 1 1 1 1 1 1 1 1 1 1 1 1 1 1 1 1 1 1
120 1 1 1 1 1 1 1 1 1 1 0 1 1 1 1 1 1 1 1 1
123 1 1 1 1 1 1 1 1 1 1 1 1 1 1 1 1 1 1 1 1
126 1 1 1 1 1 1 1 1 1 1 1 1 1 1 1 1 1 1 1 1
129 0 0 0 0 1 0 0 0 0 0 1 0 0 0 1 0 0 0 1 0
131 1 1 1 1 1 1 1 1 1 1 1 1 1 1 1 1 1 1 1 1
133 1 0 0 0 0 0 1 0 1 0 0 0 1 0 0 0 0 0 0 0
135 1 1 1 1 1 1 1 1 1 1 1 1 1 1 1 1 1 1 1 1
136 1 0 0 0 1 0 0 0 0 0 1 1 0 0 0 0 0 0 0 0
139 1 1 1 1 1 1 1 1 1 1 1 1 1 1 1 1 1 1 1 1
145 1 1 1 1 1 1 1 1 1 1 1 1 1 1 1 1 1 1 1 1
148 0 1 0 1 0 0 0 1 0 1 0 0 0 0 0 0 0 0 0 0
149 1 1 1 0 1 1 1 1 1 1 1 1 1 1 1 1 1 1 1 1
205 1 1 1 1 1 1 1 1 1 1 1 1 1 1 1 1 1 1 1 1
207 0 0 0 1 0 0 0 0 0 1 0 0 1 0 1 0 0 0 0 0
212 0 0 1 0 1 0 0 0 0 0 0 0 1 0 0 1 0 0 0 0
218 1 1 1 1 1 1 1 1 1 1 1 1 1 1 1 1 1 1 1 1
222 1 1 1 1 1 1 1 0 1 1 1 1 1 1 1 1 1 1 1 1
223 1 1 1 1 1 1 1 1 1 1 1 1 1 1 1 1 1 1 1 1
225 1 1 1 1 1 1 1 1 1 1 1 1 1 1 1 1 1 1 1 1
230 1 1 1 1 1 1 1 1 1 1 1 1 1 1 1 1 1 1 1 1
231 1 1 1 1 1 1 1 1 1 1 1 1 1 1 1 1 1 1 1 1
232 1 1 1 1 1 1 1 1 1 1 1 1 1 1 1 1 1 1 1 1
234 1 1 1 1 1 1 1 1 1 1 1 1 1 1 1 1 1 1 1 1
237 1 1 1 1 1 1 1 1 1 1 1 1 1 1 1 1 1 1 1 1
245 0 1 0 0 1 0 0 0 0 0 0 0 0 0 1 0 0 0 0 1
246 1 1 1 1 1 1 1 1 1 1 1 1 1 1 1 1 1 1 1 1
248 1 1 1 1 1 1 1 1 1 1 1 1 1 1 1 1 1 1 1 1
302 1 1 1 1 1 1 1 1 1 1 1 1 1 1 1 1 1 1 1 1
305 1 1 1 1 1 1 1 1 1 1 1 1 1 1 1 1 1 1 1 1
307 1 1 1 1 1 1 1 1 1 1 1 1 1 1 1 1 1 1 1 1
309 1 1 1 1 1 1 1 1 1 1 1 1 1 1 1 1 1 1 1 1
315 1 1 1 1 1 1 1 1 1 1 1 1 1 1 1 1 1 1 1 1
321 1 1 1 1 1 1 1 1 1 1 1 1 1 1 1 1 1 1 1 1
325 0 1 0 0 0 0 0 1 0 1 0 0 1 0 0 0 0 0 0 0
328 1 1 1 1 1 1 1 1 1 1 1 1 1 1 1 1 1 1 1 1
342 1 1 1 1 1 1 1 1 1 1 1 1 1 1 1 1 1 1 1 1
346 1 1 1 1 1 1 1 1 1 1 1 1 1 1 1 1 1 1 1 1
348 1 1 1 1 1 1 1 1 1 1 1 1 1 1 1 1 1 1 1 1
350 1 1 1 1 1 1 1 1 1 1 1 1 1 1 1 1 1 1 0 1
402 1 1 1 1 1 1 1 1 1 1 1 1 1 1 1 1 1 1 1 1
403 1 1 1 1 1 1 1 1 1 1 1 1 1 0 1 1 1 1 1 1
407 1 1 1 1 1 1 1 1 1 1 1 1 1 1 1 1 1 1 1 1
408 1 1 1 1 1 1 1 1 1 1 1 1 1 1 1 1 1 1 1 1
411 1 1 1 1 1 1 1 1 1 1 1 1 1 1 1 1 1 1 1 1
412 1 1 1 1 1 1 1 1 1 1 1 1 1 1 1 1 1 1 1 1
416 1 1 1 1 1 1 1 1 1 1 1 1 1 1 1 1 1 1 1 1
418 1 1 1 1 1 1 1 1 1 1 1 1 1 1 1 1 1 1 1 1
421 1 1 1 1 1 1 1 1 1 1 1 1 1 1 1 1 1 1 1 1
422 1 1 1 1 1 1 1 1 1 1 1 1 1 1 1 1 1 1 1 1
431 1 1 1 1 1 1 1 1 1 1 1 1 1 1 1 1 1 1 1 1
434 1 1 1 1 1 1 1 1 1 1 1 1 1 1 1 1 1 1 1 1
439 1 1 1 1 1 1 1 1 1 1 1 1 1 1 1 1 1 1 1 1
441 1 1 1 1 1 1 1 1 1 1 1 1 1 1 1 1 1 1 1 1
442 1 1 1 1 1 1 1 1 1 1 1 1 1 1 1 1 1 1 1 1
446 1 1 1 1 1 1 1 1 1 1 1 1 1 1 1 1 1 1 1 1
448 1 1 1 1 1 1 1 1 1 1 1 1 1 1 1 1 1 1 1 1
449 1 1 1 1 1 1 1 1 1 1 1 1 1 1 1 1 1 1 1 1
502 1 1 1 1 1 1 1 1 1 1 1 1 1 1 1 1 1 1 1 1
505 1 1 1 1 1 1 1 1 1 1 1 1 1 1 1 1 1 1 1 1
507 1 1 1 1 1 1 1 1 1 1 1 1 1 1 1 1 1 1 1 1
512 1 1 1 1 1 1 1 1 1 1 1 1 1 1 1 1 1 1 1 1
514 1 1 1 1 1 1 1 1 1 1 1 1 1 1 1 1 1 1 1 1
515 1 1 1 1 1 1 1 1 1 1 1 1 1 1 1 1 1 1 1 1
521 1 1 1 1 1 1 1 1 1 1 1 1 1 1 1 1 1 1 1 1
522 1 1 1 1 1 1 1 1 1 1 1 1 1 1 1 1 1 1 1 1
526 1 1 1 1 1 1 1 1 1 1 1 1 1 1 1 1 1 1 1 1
532 1 1 1 1 1 1 1 1 1 1 1 1 1 1 1 1 1 1 1 1
537 1 1 1 1 1 1 1 1 1 1 1 1 1 1 1 1 1 1 1 1
543 1 1 1 1 1 1 1 1 1 1 1 1 1 1 1 1 1 1 1 1
548 1 1 1 1 1 1 1 1 1 1 1 1 1 1 1 1 1 1 1 1
603 1 1 1 1 1 1 1 1 1 1 1 1 1 1 1 1 1 1 1 1
604 1 1 1 1 1 1 1 1 1 1 1 1 1 1 1 1 1 1 1 1
607 1 1 1 1 1 1 1 1 1 1 1 1 1 1 1 1 1 1 1 1
612 1 1 1 1 1 1 1 1 1 1 1 1 1 1 1 1 1 1 1 1
617 1 1 1 1 1 1 1 1 1 1 1 1 1 1 1 1 1 1 1 1
619 1 1 1 1 1 1 1 1 1 1 1 1 1 1 1 1 1 1 1 1
621 1 1 1 1 1 1 1 1 1 1 1 1 1 1 1 1 1 1 1 1
630 1 1 1 1 1 1 1 1 1 1 1 1 1 1 1 1 1 1 1 1
633 1 1 1 1 1 1 1 1 1 1 1 1 1 1 1 1 1 1 1 1
634 1 1 1 1 1 1 1 1 1 1 1 1 1 1 1 1 1 1 1 1
638 1 1 1 1 1 1 1 1 1 1 1 1 1 1 1 1 1 1 1 1
639 1 1 1 1 1 1 1 1 1 1 1 1 1 1 1 1 1 1 1 1
640 1 1 1 1 1 1 1 1 1 1 1 1 1 1 1 1 1 1 1 1
644 1 1 1 1 1 1 1 1 1 1 1 1 1 1 1 1 1 1 1 1
649 1 1 1 1 1 1 1 1 1 1 1 1 1 1 1 1 1 1 1 1
650 1 1 1 1 1 1 1 1 1 1 1 1 1 1 1 1 1 1 1 1
